Configuration,TrueModelUpDown,TrueLocationP,TrueLocationQ,P0,Q0,P1,Q1,P2,Q2,P3,Q3,P4,Q4,P5,Q5,P6,Q6,P7,Q7,P8,Q8,P9,Q9
4,0,391,350,474,337,413,433,456,313,329,387,327,280,428,419,412,393,477,333,379,512,284,372
4,0,411,350,328,269,405,368,423,304,330,244,393,453,552,551,549,319,468,370,405,528,451,351
4,1,400,450,484,367,410,439,458,422,160,427,322,427,500,329,292,450,396,507,448,422,331,517
5,0,400,350,366,217,371,384,373,420,430,295,399,457,504,355,98,153,560,468,419,400,405,394
5,0,400,350,463,360,455,135,530,418,294,428,578,308,299,505,469,353,523,314,339,354,499,388
5,0,400,350,308,302,229,427,529,378,422,222,324,342,347,334,377,434,350,373,286,503,318,432
5,1,355,450,385,443,340,413,338,324,286,550,337,472,403,440,407,507,498,634,471,457,213,425
4,1,400,450,413,533,221,304,380,361,298,585,463,367,334,353,166,464,567,409,350,393,466,493
5,0,400,350,435,351,578,405,287,434,294,440,546,247,439,433,235,335,457,362,108,364,161,155
4,0,439,350,338,367,371,404,600,194,288,529,325,445,404,325,340,292,555,525,410,304,397,415
4,0,408,350,347,370,462,231,365,325,365,302,502,355,354,401,142,445,302,277,276,268,490,414
5,0,400,350,541,303,424,334,335,456,502,230,257,128,564,451,490,432,417,381,295,262,459,458
4,0,362,350,391,462,418,299,434,462,488,428,602,245,481,384,577,490,588,473,268,465,340,292
5,1,358,450,418,499,265,407,272,661,349,481,500,434,114,428,315,431,298,310,186,533,520,383
5,1,440,450,627,586,359,310,442,540,523,549,303,407,380,414,408,404,401,337,268,330,444,424
4,0,430,350,377,503,423,420,363,228,463,403,468,324,383,316,277,174,611,402,337,361,411,326
4,1,400,450,369,442,506,438,310,317,349,436,368,434,383,229,451,397,336,386,394,607,269,659
5,1,351,450,381,649,231,275,345,501,211,246,420,338,369,286,379,496,372,430,434,542,326,418
5,1,399,450,508,285,336,365,562,403,456,408,305,397,344,473,553,396,340,458,274,381,473,530
4,0,418,350,443,455,408,203,386,251,347,304,296,306,304,467,482,273,503,278,484,388,432,342
4,1,400,450,314,477,410,450,563,478,293,402,419,387,467,489,461,446,353,347,421,301,248,489
4,0,413,350,315,538,302,206,180,244,364,356,350,388,373,466,130,521,258,342,379,341,446,477
4,1,400,450,533,386,375,288,471,363,500,441,363,513,440,392,244,367,173,472,265,250,509,287
4,0,441,350,441,453,460,430,472,310,437,524,377,391,236,199,447,383,339,406,469,567,393,324
5,0,400,350,520,409,331,311,522,483,358,430,439,630,470,199,437,448,433,440,229,406,497,201
4,0,397,350,462,285,283,336,518,327,398,315,570,314,527,403,444,288,600,490,360,380,243,382
4,0,376,350,274,211,511,208,301,217,402,438,443,356,245,503,284,154,471,453,335,366,300,290
5,0,400,350,587,454,570,240,599,554,418,403,392,595,285,470,464,307,275,209,430,267,379,278
4,1,400,450,552,309,348,343,511,457,554,361,440,467,359,388,389,461,525,529,470,408,344,477
4,1,400,450,308,371,540,593,349,353,384,490,500,266,196,459,435,450,217,585,337,352,300,535
5,1,422,450,244,373,224,436,464,531,414,501,561,512,465,606,335,355,420,302,459,468,501,260
5,1,369,450,416,390,367,432,256,556,350,592,417,415,468,470,255,225,62,538,324,500,355,604
5,0,400,350,370,321,399,259,341,405,200,511,354,136,401,436,516,336,416,417,304,289,372,386
5,0,400,350,544,280,427,352,264,414,404,288,357,647,168,328,366,366,455,361,350,244,479,300
5,1,372,450,279,587,411,423,306,462,269,512,401,474,279,508,464,556,430,394,415,430,423,499
5,0,400,350,574,481,425,218,359,413,564,450,192,417,290,385,368,338,274,365,378,333,470,398
4,0,390,350,451,341,400,334,401,508,240,309,189,413,452,364,479,315,317,262,590,198,284,237
5,0,400,350,239,373,330,307,387,301,479,370,485,248,436,341,329,346,386,529,364,263,308,270
5,0,400,350,334,415,423,415,458,159,532,295,337,286,411,379,471,298,293,210,518,462,332,462
5,0,400,350,393,222,466,277,520,271,530,410,178,462,403,166,372,364,330,468,344,359,370,184
5,1,422,450,390,419,325,479,466,414,524,378,312,400,436,597,524,445,261,564,328,551,347,489
4,1,400,450,310,445,383,311,291,286,389,432,510,596,408,637,528,350,391,422,530,566,330,506
4,1,400,450,488,604,528,478,467,607,461,507,402,486,361,491,420,264,506,371,410,298,525,395
4,0,387,350,522,383,463,124,317,247,258,400,388,168,432,423,554,290,340,358,466,441,441,217
5,1,410,450,435,497,306,384,404,227,416,399,227,417,422,421,254,272,436,348,460,467,550,252
5,1,423,450,544,391,501,513,444,540,433,302,494,413,516,398,508,466,375,619,379,399,345,529
4,1,400,450,396,434,540,405,461,406,483,387,499,459,476,699,385,381,282,463,434,363,338,423
4,1,400,450,457,419,349,481,453,389,439,502,548,521,319,315,402,483,333,386,491,524,500,578
5,0,400,350,266,523,393,331,402,159,348,222,439,416,398,356,452,307,243,195,398,410,454,179
4,0,392,350,305,341,330,175,345,353,507,361,192,179,485,294,492,462,233,329,278,332,314,340
5,1,437,450,640,537,648,366,244,580,349,373,458,419,370,452,454,391,287,455,241,473,469,251
5,1,379,450,289,581,361,654,405,347,367,394,305,666,322,415,275,617,392,417,212,565,412,438
4,0,352,350,252,322,230,521,506,374,521,301,394,409,267,347,229,158,97,464,481,465,362,310
4,0,395,350,346,285,491,343,224,461,270,443,382,222,320,296,289,259,517,452,555,217,330,185
4,0,368,350,319,421,391,399,347,505,389,245,342,281,387,399,245,336,215,400,219,385,288,235
4,0,421,350,478,254,336,256,414,279,351,376,397,208,504,514,385,306,375,134,452,228,570,412
4,0,435,350,315,173,258,408,503,348,415,361,513,425,475,430,453,354,469,399,581,474,521,172
5,0,400,350,523,435,461,359,389,366,483,483,387,275,477,311,380,457,362,291,356,459,313,257
5,0,400,350,479,357,338,513,387,237,425,383,400,388,357,158,274,145,310,481,511,123,300,499
4,0,427,350,379,243,413,379,479,324,223,641,572,339,421,448,419,410,530,251,346,317,629,365
4,0,372,350,291,322,447,357,314,305,414,176,456,457,420,365,493,146,392,469,214,585,520,407
5,0,400,350,472,353,432,301,619,132,419,420,208,449,439,325,387,466,271,258,245,322,439,426
4,1,400,450,398,416,421,593,469,494,337,671,319,499,535,221,459,366,463,465,366,462,519,519
5,0,400,350,468,256,420,400,422,345,240,426,434,267,440,303,649,326,373,377,373,444,304,407
5,0,400,350,540,469,294,234,427,375,460,276,150,312,426,361,291,375,277,441,448,391,596,284
5,0,400,350,330,299,444,462,480,231,393,463,481,357,399,498,449,443,409,394,467,449,368,423
4,1,400,450,375,712,353,295,448,730,364,454,452,493,482,470,420,459,449,535,319,461,400,617
4,1,400,450,330,525,593,476,557,430,385,463,289,471,381,440,548,482,402,342,521,428,300,591
4,0,420,350,390,547,350,448,511,367,367,260,366,277,369,363,640,458,371,421,396,334,410,494
5,0,400,350,260,423,248,293,395,261,473,264,605,476,502,531,443,367,170,253,405,197,309,323
4,1,400,450,381,460,348,492,365,437,403,364,414,493,554,523,169,322,481,388,482,509,371,402
4,0,361,350,428,442,358,170,547,313,426,216,322,265,349,345,418,388,207,276,580,273,410,431
5,1,410,450,336,580,483,467,311,549,488,448,406,424,350,386,490,363,427,607,159,360,466,413
4,1,400,450,278,606,426,484,452,457,314,316,492,450,428,549,151,650,359,436,362,432,412,528
4,1,400,450,344,651,392,600,462,454,381,518,151,333,381,419,451,386,457,556,240,395,329,484
4,1,400,450,443,437,139,546,600,467,441,323,483,347,303,438,294,409,419,486,283,381,440,521
5,0,400,350,397,349,273,503,410,224,574,503,370,159,469,204,522,451,421,261,250,418,388,401
5,1,412,450,604,490,434,577,459,477,421,533,485,538,236,525,482,414,464,554,161,261,470,379
4,1,400,450,256,378,512,394,343,541,459,324,313,371,350,535,403,464,465,356,414,538,313,457
5,1,388,450,388,494,429,410,421,408,249,449,301,352,572,571,402,365,384,473,461,572,353,410
4,0,407,350,322,459,373,338,373,373,339,38,347,355,406,330,377,477,539,432,465,252,392,299
5,1,435,450,545,395,531,502,349,507,498,478,425,549,457,271,521,475,262,460,347,200,396,418
4,0,361,350,425,501,479,419,438,357,440,519,457,283,313,408,445,192,338,296,432,227,569,459
4,1,400,450,386,476,382,503,290,394,443,350,109,486,362,357,566,421,473,473,422,485,293,516
4,0,423,350,606,406,287,392,232,451,469,448,338,411,431,397,424,171,456,431,439,338,505,468
4,0,423,350,515,458,147,409,276,408,456,320,335,278,484,171,290,462,134,415,464,330,548,225
5,1,443,450,592,393,340,304,414,424,525,535,490,681,476,678,465,629,514,441,535,482,567,331
5,1,372,450,401,362,335,464,320,451,313,432,447,280,561,445,546,497,277,406,550,451,322,613
5,0,400,350,387,472,590,132,434,437,324,399,654,363,386,450,434,248,303,298,366,437,438,370
4,0,401,350,548,407,504,422,421,217,390,275,407,385,339,305,418,284,260,190,577,386,635,327
4,0,406,350,483,280,403,403,358,288,349,330,471,445,555,354,454,572,408,446,517,428,482,439
5,1,369,450,478,516,554,345,293,520,409,668,377,450,431,618,341,487,461,532,447,572,483,602
5,1,445,450,424,501,455,418,397,412,313,454,330,286,376,351,430,438,603,413,612,397,338,384
5,0,400,350,363,376,289,309,471,303,313,411,411,282,352,392,583,330,471,385,295,544,422,466
4,0,400,350,180,319,444,319,219,419,478,378,381,492,399,253,334,455,442,332,483,509,445,256
5,1,399,450,460,413,567,460,347,496,303,432,367,501,405,318,335,428,226,503,375,433,522,526
4,0,449,350,308,351,400,612,466,324,493,348,447,236,482,479,452,426,450,386,544,316,401,433
5,0,400,350,343,564,172,361,439,445,609,358,298,431,250,323,344,396,196,210,471,366,523,457
5,1,414,450,375,410,188,352,271,432,381,573,668,323,506,523,346,481,447,486,448,340,355,529
4,0,438,350,413,539,414,458,444,346,655,576,447,499,321,216,458,548,504,271,423,291,335,445
5,0,400,350,357,545,479,193,458,338,371,342,508,271,507,471,647,307,542,183,421,246,489,232
5,1,356,450,404,395,267,446,427,470,425,500,233,542,402,437,379,489,366,410,484,602,358,506
5,0,400,350,506,292,392,309,371,272,404,344,401,317,322,339,227,533,369,242,329,484,416,486
4,1,400,450,426,450,340,471,277,429,546,494,427,428,458,182,327,480,535,597,501,441,518,514
5,0,400,350,310,364,423,331,607,220,323,281,231,331,488,355,529,323,531,441,689,289,423,356
4,1,400,450,324,430,308,389,425,311,340,398,318,452,218,562,381,551,378,536,428,557,391,340
4,1,400,450,229,468,640,530,516,498,486,514,405,539,459,748,422,331,520,369,196,355,246,369
5,0,400,350,370,234,220,328,435,307,533,498,335,368,549,128,404,267,527,441,449,218,391,347
4,0,420,350,345,469,363,268,376,481,450,449,342,336,733,308,478,284,372,222,167,359,507,339
4,1,400,450,413,439,210,314,377,495,358,617,506,528,251,447,592,484,393,511,441,417,443,561
4,1,400,450,361,358,324,441,423,455,343,405,286,394,378,624,350,460,355,501,316,566,321,474
4,1,400,450,367,364,177,573,492,230,517,514,420,608,558,316,146,464,229,468,277,521,440,403
5,1,367,450,407,364,401,564,230,467,495,439,349,447,280,389,340,322,312,474,501,475,365,280
4,1,400,450,436,507,607,196,425,407,245,455,457,367,350,504,330,419,323,494,375,387,424,436
5,0,400,350,474,306,327,441,418,452,488,303,398,245,309,317,436,359,288,318,465,435,556,601
5,1,395,450,311,515,331,454,556,440,349,391,616,253,493,372,308,288,336,575,384,525,436,313
4,0,414,350,344,430,353,357,486,390,460,299,432,470,378,250,348,438,476,493,364,174,351,274
5,1,409,450,272,523,353,343,473,420,501,633,487,418,584,555,297,547,383,538,191,448,547,348
4,1,400,450,292,586,561,616,391,566,271,549,301,395,296,416,366,408,378,507,442,362,255,473
4,0,358,350,85,434,359,352,492,212,530,286,353,498,263,429,217,511,313,302,204,141,537,257
4,1,400,450,478,390,394,337,241,349,360,534,321,310,523,375,493,468,533,642,438,429,408,379
4,1,400,450,315,342,492,544,312,371,459,492,177,368,475,603,453,595,374,523,400,719,413,664
4,1,400,450,423,303,516,443,427,373,324,532,400,455,603,231,401,561,345,349,459,284,415,557
4,0,434,350,344,324,343,340,561,148,266,312,302,248,486,287,347,233,414,407,520,338,506,464
4,0,443,350,367,368,494,232,423,222,425,243,258,397,472,317,623,354,500,183,410,457,432,403
4,0,431,350,421,324,531,379,427,153,333,331,414,556,385,367,552,311,435,430,400,464,400,314
4,1,400,450,446,435,528,455,432,332,392,378,368,567,540,359,394,485,471,460,238,389,336,479
4,0,397,350,453,356,376,472,323,397,502,316,415,429,255,479,499,212,438,409,474,344,301,375
4,1,400,450,147,429,381,472,409,473,537,432,427,268,472,377,305,409,379,511,470,359,379,456
5,0,400,350,345,229,497,337,410,690,390,352,406,78,589,351,471,323,455,391,399,303,525,98
4,1,400,450,394,425,387,531,476,235,413,313,331,422,377,437,423,403,325,520,399,411,479,522
4,1,400,450,428,537,240,519,315,575,541,572,398,487,501,302,479,376,402,644,266,471,449,557
5,1,359,450,353,307,236,526,345,240,300,492,76,248,228,353,236,497,368,449,364,419,408,398
4,0,362,350,242,389,365,344,345,144,273,398,441,302,470,299,406,332,308,435,436,205,469,330
4,1,400,450,457,342,383,419,450,480,319,480,349,451,502,466,441,536,410,602,558,545,556,594
4,1,400,450,543,417,316,391,313,484,345,503,552,682,432,561,633,243,404,500,354,480,251,331
5,1,386,450,472,405,366,349,395,435,440,523,506,556,400,564,378,277,445,500,520,151,284,525
4,1,400,450,302,564,520,480,584,401,448,377,310,444,464,378,416,516,389,381,383,367,483,633
4,1,400,450,547,166,389,593,348,521,411,181,404,491,394,326,487,492,318,649,251,329,302,535
5,0,400,350,372,112,521,493,440,298,545,370,366,252,540,517,267,455,314,285,427,346,279,298
5,0,400,350,220,472,449,442,463,352,476,384,560,363,386,383,319,415,158,232,501,520,297,432
5,1,383,450,187,692,386,324,336,469,333,515,440,256,255,385,261,237,418,577,381,386,271,380
5,0,400,350,484,340,264,298,391,325,477,373,379,432,387,299,361,200,375,294,453,380,357,479
5,0,400,350,311,215,250,287,79,425,441,337,411,479,591,391,270,460,537,332,320,230,394,417
4,1,400,450,500,486,474,608,340,497,471,405,507,352,244,564,452,598,222,535,351,497,421,448
4,1,400,450,468,256,650,465,423,483,333,486,476,378,487,573,405,404,358,639,513,407,341,393
4,1,400,450,392,346,658,470,246,466,304,622,303,372,477,568,309,520,179,544,396,450,482,501
4,0,354,350,301,262,464,383,462,470,345,516,353,513,501,508,379,462,277,546,343,227,318,388
5,1,421,450,412,487,460,454,471,380,469,310,418,557,409,532,424,395,429,434,221,475,510,526
5,0,400,350,437,326,460,474,262,360,614,389,425,353,477,542,515,382,414,426,396,352,481,182
5,0,400,350,414,388,381,292,352,237,433,374,554,394,486,351,460,445,479,422,557,230,464,227
5,0,400,350,297,260,412,296,307,243,234,312,392,380,291,455,296,342,448,370,409,426,566,259
5,1,442,450,685,454,319,462,549,326,559,428,599,357,600,423,651,467,378,378,512,554,602,331
5,0,400,350,451,122,552,201,372,357,545,295,297,391,354,565,380,554,398,238,379,192,612,426
5,1,367,450,437,307,272,257,307,444,453,412,291,560,226,386,566,336,323,437,445,445,466,433
4,0,443,350,481,267,354,366,346,149,467,161,308,403,417,201,389,415,684,237,294,300,451,337
4,1,400,450,357,520,473,481,362,627,304,548,398,209,339,251,374,412,288,483,589,238,427,565
5,1,360,450,464,551,471,337,370,588,293,461,464,320,313,540,128,490,422,614,473,485,345,642
4,1,400,450,386,563,464,473,474,292,500,496,305,411,392,456,413,492,459,454,515,681,351,496
4,1,400,450,335,380,331,506,444,473,278,475,468,408,513,393,558,480,271,461,250,417,409,460
5,1,429,450,549,606,546,577,325,423,286,613,331,321,415,481,375,446,479,446,545,224,270,433
4,0,410,350,436,441,468,361,440,197,324,335,481,202,385,499,539,338,513,262,615,273,400,280
5,1,442,450,464,437,301,303,482,472,506,486,458,424,454,286,433,488,606,587,447,491,441,558
5,1,416,450,253,554,440,235,289,508,559,288,439,477,603,312,365,356,421,380,501,343,493,427
4,0,382,350,383,392,350,280,262,311,467,369,281,341,416,466,348,221,424,165,324,201,310,108
5,0,400,350,348,289,249,334,180,546,290,529,413,380,316,351,369,401,232,582,442,404,528,375
5,1,408,450,410,421,424,360,450,349,324,537,577,412,614,515,386,506,350,656,291,477,281,442
5,1,376,450,261,651,387,413,336,610,390,536,314,472,479,640,510,392,362,434,529,691,463,361
5,0,400,350,461,338,402,436,290,303,310,461,341,143,396,470,271,358,399,414,300,533,339,289
5,0,400,350,208,319,421,259,263,472,426,484,448,466,567,263,416,414,461,374,382,490,401,349
5,1,405,450,365,72,342,381,490,559,288,380,422,461,227,491,463,465,369,389,542,231,422,331
4,0,444,350,557,233,489,484,201,338,495,264,566,280,399,251,407,387,454,293,288,308,436,444
5,1,361,450,347,420,163,431,516,392,459,289,343,439,306,428,343,424,515,542,431,406,466,334
5,1,408,450,417,456,386,534,301,554,448,457,341,383,490,521,501,621,585,707,388,529,241,332
4,1,400,450,356,375,418,347,374,443,433,283,402,505,468,472,417,490,293,522,588,448,586,342
5,0,400,350,416,213,262,284,185,270,257,316,405,204,425,246,552,213,353,262,518,407,487,334
5,1,388,450,321,505,388,636,261,468,289,355,514,409,357,359,278,656,228,247,499,229,412,485
4,1,400,450,402,444,452,551,293,450,318,405,470,494,565,447,417,482,365,579,492,465,302,389
4,0,391,350,412,369,298,531,432,398,361,426,383,425,411,424,552,416,373,309,451,271,393,246
4,0,376,350,288,293,392,426,244,194,395,537,653,267,327,347,474,411,354,329,224,190,372,270
5,1,375,450,445,552,555,494,389,573,450,583,657,557,272,404,584,432,425,600,350,421,425,181
4,0,401,350,273,295,470,278,610,390,420,390,476,367,360,341,340,348,343,289,454,478,381,252
4,1,400,450,435,525,396,489,525,351,384,523,465,509,443,471,451,441,307,436,469,351,384,500
5,0,400,350,418,416,506,386,427,232,315,297,533,337,384,398,181,416,436,419,452,218,494,186
5,1,386,450,418,155,524,521,285,533,156,298,202,485,431,409,378,529,248,287,277,523,440,375
5,0,400,350,527,336,437,426,380,241,462,521,232,221,176,359,282,270,246,219,229,182,480,377
4,0,418,350,405,405,432,254,440,355,392,388,414,218,494,329,560,350,397,341,210,405,393,293
4,1,400,450,425,362,405,325,302,432,458,524,421,492,341,462,310,331,392,391,387,484,487,502
5,1,420,450,366,389,389,439,536,518,480,432,433,389,437,545,455,437,561,549,389,349,472,444
4,0,361,350,493,402,257,377,249,260,294,152,271,330,429,279,397,430,464,223,397,330,308,382
4,1,400,450,525,454,409,445,437,491,394,378,438,534,376,719,348,420,444,426,515,459,347,477
5,1,419,450,398,423,518,543,265,574,221,588,479,273,278,203,529,605,265,519,231,543,468,449
5,1,367,450,250,544,362,375,364,308,374,410,598,414,396,456,418,593,214,405,390,526,428,459
4,0,437,350,419,268,502,456,548,434,458,435,523,513,561,527,417,397,718,498,522,331,434,256
4,1,400,450,346,453,370,301,177,631,491,532,651,424,532,368,292,728,402,548,453,500,532,557
4,1,400,450,322,519,292,328,589,389,425,373,392,312,393,335,304,397,392,234,377,349,422,366
5,1,366,450,295,454,506,570,499,182,471,136,277,407,514,331,335,358,497,520,385,473,257,526
5,0,400,350,335,296,547,349,448,379,486,441,300,451,348,147,272,299,404,528,390,289,472,478
4,0,408,350,337,553,475,212,374,370,350,245,441,373,432,410,417,137,477,422,442,314,505,405
4,1,400,450,390,507,386,416,476,489,404,409,104,421,503,538,339,337,448,431,433,412,519,567
5,1,379,450,238,553,429,545,86,330,352,521,356,531,528,582,258,437,493,321,280,334,287,453
5,1,358,450,308,400,341,387,133,337,309,416,362,577,525,515,456,333,337,434,384,494,321,463
5,1,445,450,613,487,431,404,399,425,485,649,568,328,313,344,280,459,264,475,235,577,384,368
5,0,400,350,620,249,451,301,360,261,370,285,355,438,273,365,471,380,479,554,477,330,401,236
5,0,400,350,271,241,447,547,439,335,442,373,308,157,425,492,299,427,569,387,337,397,379,505
5,0,400,350,435,170,218,16,399,386,217,260,442,498,213,355,520,346,419,348,400,263,289,347
5,1,361,450,257,626,550,535,587,482,298,405,283,547,332,382,345,481,222,551,238,457,329,453
4,1,400,450,431,258,381,389,504,465,399,390,249,569,367,539,422,543,456,535,455,249,381,529
5,0,400,350,420,609,395,275,339,387,323,380,503,328,308,339,416,360,228,483,351,453,600,370
4,0,381,350,254,226,344,426,423,259,288,409,390,367,299,237,435,518,211,334,386,310,288,237
5,0,400,350,240,446,325,307,429,328,429,435,457,491,469,419,382,274,326,337,230,229,378,352
4,0,372,350,450,381,285,255,450,387,403,339,357,386,294,386,430,383,314,260,411,241,212,498
5,0,400,350,411,455,244,322,273,424,652,389,275,285,437,402,503,341,396,290,353,333,442,355
4,0,439,350,569,429,459,200,446,413,342,381,502,332,268,333,433,551,306,330,303,396,440,548
4,1,400,450,478,313,645,417,378,572,421,347,337,379,417,448,296,502,340,370,338,419,353,497
4,0,372,350,409,441,321,305,309,394,598,334,382,143,382,486,555,247,348,276,386,392,184,532
5,1,420,450,447,579,429,363,247,526,479,437,558,198,407,412,485,508,450,383,421,506,420,437
5,0,400,350,375,177,171,417,523,345,436,313,492,517,260,364,362,282,683,302,473,420,575,400
5,0,400,350,228,226,566,377,421,513,381,374,290,256,503,322,291,373,248,440,421,390,350,240
4,1,400,450,279,561,249,542,553,365,400,375,458,451,379,411,328,495,370,418,315,442,382,562
5,0,400,350,529,309,209,369,418,532,445,405,237,269,447,275,496,360,299,367,423,456,196,321
4,1,400,450,260,413,547,369,436,605,496,503,494,464,375,496,393,486,528,320,429,350,448,671
4,1,400,450,495,386,271,531,491,315,466,427,390,496,338,477,300,513,385,429,432,188,452,289
4,1,400,450,331,474,397,262,542,524,386,606,370,415,493,428,610,477,395,549,246,492,331,636
5,1,372,450,379,505,295,548,413,298,366,359,338,539,540,468,403,413,335,289,336,406,520,292
4,0,377,350,414,293,380,375,443,323,596,274,226,417,421,502,384,327,452,258,484,246,591,460
5,1,384,450,381,504,424,436,192,743,329,366,420,426,334,502,408,321,243,351,255,493,188,281
4,0,367,350,387,110,439,366,201,388,396,340,436,330,59,492,435,348,312,305,372,126,471,491
5,0,400,350,326,441,493,370,438,460,368,357,408,340,231,561,566,386,686,341,386,356,427,371
5,1,427,450,448,492,481,409,386,420,344,466,326,363,545,439,543,285,451,501,407,234,476,277
4,0,354,350,336,441,311,413,428,446,369,513,352,395,264,321,323,329,201,66,404,391,362,249
4,0,377,350,384,335,368,175,468,282,334,242,486,258,255,478,384,426,353,311,323,334,431,544
4,0,377,350,471,122,513,301,341,339,409,444,278,386,458,245,307,281,279,291,265,311,614,194
5,1,445,450,554,404,470,601,293,470,514,563,407,453,402,332,399,474,501,542,313,620,454,392
4,0,428,350,180,333,510,357,333,357,495,417,461,275,393,285,192,404,447,419,444,403,392,103
5,1,384,450,328,416,291,631,336,487,413,347,387,498,398,445,222,358,383,316,287,526,270,542
4,1,400,450,468,492,403,477,344,391,381,572,316,420,531,459,272,475,438,414,464,436,386,484
4,1,400,450,519,495,170,407,427,578,415,420,477,332,355,326,350,453,107,495,327,429,148,375
4,0,436,350,615,493,304,249,234,295,595,280,483,319,259,368,480,410,383,349,533,330,328,353
4,0,416,350,324,405,430,295,586,394,365,414,248,420,413,418,366,489,371,210,406,250,392,465
5,1,397,450,283,389,464,448,337,431,357,212,183,491,461,593,540,387,456,240,352,388,452,411
4,0,405,350,463,416,408,588,344,331,311,314,491,307,384,300,365,357,515,358,644,432,339,346
4,0,427,350,462,222,442,296,412,282,478,172,170,409,540,365,437,314,355,184,520,166,482,399
5,1,394,450,375,385,516,543,475,512,367,527,510,510,396,521,433,366,503,286,161,352,303,370
5,0,400,350,360,489,385,349,363,331,385,499,517,451,510,507,389,143,215,447,269,329,382,147
4,1,400,450,449,382,422,598,395,398,424,526,317,447,307,426,512,517,434,499,390,320,467,399
4,0,399,350,408,445,463,334,538,377,437,325,106,542,454,345,214,447,250,389,365,379,334,255
5,1,389,450,252,260,373,510,446,544,409,460,546,321,314,354,549,406,535,323,189,204,346,592
4,0,415,350,527,322,376,420,389,204,471,346,347,206,433,301,313,442,452,470,350,452,438,420
5,1,406,450,336,547,351,566,416,560,478,501,408,475,408,490,475,561,249,374,561,369,372,520
5,1,432,450,476,472,574,662,296,499,362,468,420,479,341,446,496,535,586,450,393,493,467,384
4,1,400,450,425,534,505,441,441,639,300,435,516,555,269,436,579,539,240,588,281,436,377,411
4,1,400,450,474,402,584,481,326,379,253,463,475,457,341,529,461,300,358,500,346,397,367,570
4,0,374,350,355,351,366,365,364,465,551,447,261,434,196,539,419,447,446,407,381,346,118,351
5,0,400,350,394,241,421,431,452,362,444,272,344,440,290,458,492,169,424,335,417,474,568,318
4,1,400,450,410,392,319,513,426,595,200,356,462,352,433,433,365,368,357,415,299,447,417,320
4,0,438,350,488,344,493,424,280,411,418,215,251,295,401,324,423,395,511,143,286,325,257,191
5,1,373,450,326,306,344,415,434,516,254,364,444,352,275,500,348,469,410,494,372,398,384,562
4,0,418,350,326,382,378,517,412,296,189,231,694,293,332,320,347,476,346,198,465,460,355,377
4,0,376,350,331,165,322,440,384,375,438,478,452,473,325,241,513,353,245,219,377,319,319,359
4,0,351,350,246,219,277,499,342,403,269,183,322,220,348,309,595,245,318,325,309,421,342,435
4,1,400,450,243,331,348,525,453,480,273,424,244,475,304,542,463,250,277,439,315,452,296,474
4,1,400,450,324,453,328,445,179,380,397,538,494,372,254,517,542,434,597,408,385,351,407,435
4,0,445,350,363,286,677,327,606,277,502,339,308,556,416,216,530,101,411,142,374,302,474,238
5,1,351,450,628,417,469,439,454,436,364,270,177,565,344,371,426,491,431,265,528,397,389,498
5,1,376,450,453,521,287,327,294,401,322,343,556,375,227,402,345,485,441,415,380,670,504,504
5,1,350,450,319,255,542,386,224,463,288,575,339,661,319,306,204,297,517,379,335,549,189,591
5,1,438,450,435,511,450,482,493,503,518,430,429,504,329,351,541,291,296,526,214,485,462,441
4,1,400,450,348,323,371,533,392,395,499,478,435,310,418,564,311,456,490,643,347,596,346,320
4,0,385,350,305,491,365,409,436,255,493,439,296,392,525,210,544,328,369,355,472,367,325,318
5,0,400,350,599,386,397,391,532,587,261,368,326,624,421,327,418,231,353,399,381,397,395,360
5,1,407,450,409,474,389,436,519,480,335,582,214,428,364,422,367,571,584,667,471,424,359,487
5,0,400,350,411,194,209,419,480,433,324,394,364,426,419,326,457,506,341,201,395,280,495,476
4,1,400,450,232,493,337,544,553,209,411,435,328,519,215,247,384,362,402,365,454,444,324,397
5,1,447,450,477,329,253,491,339,399,574,462,261,502,571,402,583,510,490,448,434,497,621,537
5,0,400,350,379,285,390,312,339,323,589,335,595,491,580,182,370,308,510,451,338,135,427,335
4,0,444,350,374,318,430,243,512,409,500,171,323,206,579,346,474,385,570,443,416,315,382,436
5,0,400,350,542,466,389,407,451,424,356,401,441,452,477,345,536,118,290,541,424,369,520,226
5,0,400,350,414,369,286,172,258,296,313,362,487,324,400,392,423,293,549,389,353,385,291,386
5,0,400,350,574,328,356,243,541,237,435,327,372,295,383,514,340,326,410,229,391,453,268,435
5,0,400,350,624,465,221,308,461,234,539,370,344,318,337,302,386,223,487,252,426,437,191,345
5,1,364,450,273,592,455,505,387,452,391,346,479,472,403,309,548,448,262,508,502,483,388,597
5,1,441,450,525,283,354,478,487,519,414,526,353,529,417,347,295,329,431,350,369,407,481,471
4,1,400,450,359,364,495,482,250,563,274,457,373,359,118,235,333,485,534,587,618,500,395,467
5,0,400,350,444,275,622,345,493,418,334,282,295,445,450,374,435,570,312,453,327,475,392,481
5,1,447,450,231,518,387,383,458,338,435,400,285,515,470,380,477,582,734,588,524,461,399,451
4,0,416,350,346,557,394,383,361,227,469,342,404,489,292,447,543,495,286,275,291,390,288,281
5,0,400,350,317,498,490,352,355,335,355,388,173,240,265,268,432,242,371,232,475,338,243,515
5,0,400,350,411,135,430,437,303,395,550,367,373,135,275,536,440,263,584,420,362,503,359,234
5,0,400,350,381,133,391,534,428,328,380,322,404,394,344,350,298,433,425,390,338,300,276,369
5,0,400,350,364,164,459,400,360,294,555,584,407,291,316,373,367,456,332,350,397,274,473,386
5,1,449,450,492,470,350,713,528,478,487,422,431,440,312,232,426,423,376,414,358,671,216,385
4,1,400,450,269,352,545,367,233,468,523,408,418,494,330,395,452,560,502,283,485,364,472,559
5,1,442,450,557,391,426,336,520,521,453,515,467,344,329,387,359,243,482,437,431,431,518,394
4,1,400,450,390,432,450,559,324,526,479,374,436,404,435,418,420,303,496,311,547,602,370,390
4,0,442,350,627,334,507,350,523,498,295,298,425,486,396,254,471,375,509,213,407,278,541,311
5,0,400,350,403,271,438,226,336,366,411,314,404,496,465,153,341,485,270,378,312,282,232,273
5,1,355,450,380,413,367,510,590,594,402,490,125,437,378,340,287,344,304,443,515,470,214,504
5,1,382,450,403,450,443,376,219,380,518,509,400,424,289,369,416,505,401,472,600,365,197,546
4,1,400,450,329,530,340,522,419,470,395,341,307,407,451,642,367,568,227,483,290,412,440,450
4,1,400,450,388,575,439,394,445,296,492,474,263,467,341,471,426,443,456,476,312,674,321,341
4,0,408,350,333,171,429,455,483,186,409,174,427,393,355,445,579,344,425,367,439,399,316,441
4,0,430,350,429,466,462,384,489,152,548,314,504,580,686,499,379,383,481,512,358,487,400,421
4,1,400,450,191,304,323,418,272,326,398,521,355,414,238,516,398,224,321,430,461,287,506,507
4,1,400,450,439,414,249,516,305,449,397,502,443,432,406,283,560,473,389,630,420,485,214,534
5,0,400,350,419,210,480,369,421,349,314,350,300,446,611,481,432,357,500,456,500,378,709,349
4,0,382,350,319,430,192,426,315,370,462,414,664,320,443,335,238,332,408,314,501,484,425,217
4,0,405,350,455,262,469,240,243,259,462,571,514,264,473,290,418,360,237,353,461,488,438,438
4,1,400,450,333,420,320,341,395,327,402,532,214,619,212,365,376,605,593,385,291,310,497,381
5,1,445,450,475,546,356,602,476,558,524,533,399,516,437,428,353,449,462,438,551,534,405,558
4,1,400,450,384,399,494,520,417,424,273,591,474,565,304,459,397,540,534,458,358,463,366,361
5,1,408,450,390,490,372,339,533,413,433,471,587,540,473,523,439,373,333,198,511,285,406,361
4,0,369,350,459,279,396,419,396,411,445,298,261,271,340,399,343,287,453,148,463,177,553,312
4,0,361,350,446,333,507,486,174,497,345,339,257,431,300,369,196,312,325,289,442,318,521,462
5,1,426,450,200,476,357,395,517,422,418,623,446,621,356,531,330,357,344,507,399,518,586,432
4,0,426,350,563,306,434,455,470,423,505,298,267,435,457,508,468,394,405,382,393,344,452,420
4,0,401,350,432,321,482,318,437,334,393,333,530,457,267,333,215,439,568,348,318,557,423,275
4,0,402,350,153,335,137,237,488,451,324,398,419,314,475,478,263,347,393,314,385,463,497,396
5,0,400,350,397,533,330,307,503,368,444,357,566,424,387,332,410,424,302,287,258,473,445,462
5,1,389,450,524,391,374,415,265,361,378,505,492,378,509,407,379,476,414,273,417,324,239,431
5,0,400,350,498,531,379,477,521,378,359,183,278,446,580,239,412,498,385,293,496,332,510,327
4,0,362,350,353,493,194,385,503,360,299,491,272,480,436,326,375,550,220,432,236,414,369,228
5,0,400,350,382,324,386,461,500,399,414,384,332,234,500,518,463,268,526,319,566,431,502,440
4,0,363,350,416,456,346,277,234,455,424,297,560,155,269,380,274,261,414,449,228,435,617,408
4,0,396,350,516,539,472,383,341,378,440,292,383,94,292,408,271,430,435,346,300,361,403,519
5,0,400,350,606,284,230,299,503,346,115,490,387,544,528,366,445,278,464,336,403,431,369,179
5,0,400,350,562,236,412,307,548,391,407,501,470,295,318,301,370,256,423,318,284,454,320,383
5,1,377,450,287,429,360,634,382,559,361,571,247,394,379,565,516,449,423,448,246,578,441,417
4,0,384,350,329,533,308,480,343,392,321,458,317,283,415,333,318,245,364,343,408,384,371,175
4,0,434,350,442,316,335,233,195,174,484,413,562,383,479,283,301,432,417,350,332,306,360,239
4,1,400,450,336,282,617,404,535,334,371,315,331,417,325,432,397,349,354,414,338,652,296,497
4,0,381,350,226,388,437,262,587,416,367,436,302,419,461,518,421,302,384,471,336,340,284,335
5,0,400,350,490,226,238,382,278,327,336,367,224,254,350,384,378,260,370,404,331,237,401,338
5,0,400,350,309,361,601,196,250,207,444,189,297,587,263,389,261,359,355,399,429,434,348,154
5,0,400,350,409,389,267,423,488,166,539,280,635,513,307,392,387,389,520,295,310,308,445,216
5,1,369,450,246,427,427,363,267,275,367,358,429,351,366,345,433,448,464,375,378,525,297,332
5,0,400,350,364,388,439,175,402,339,378,385,562,397,401,433,453,212,690,324,375,276,339,255
4,1,400,450,298,257,309,588,506,503,402,364,288,628,506,328,603,428,595,422,341,446,376,389
4,1,400,450,428,501,550,617,365,473,335,485,459,359,380,383,336,500,486,508,381,237,423,554
5,1,357,450,341,194,339,469,224,532,394,486,344,308,380,638,377,694,395,460,381,521,340,376
5,1,372,450,460,507,219,383,364,437,316,554,269,424,273,358,224,456,474,466,530,473,347,391
5,1,379,450,412,558,395,443,221,542,387,566,461,394,348,537,325,494,376,611,201,485,303,503
5,1,405,450,419,351,516,328,331,350,384,515,352,497,265,404,469,444,605,544,447,537,433,309
5,1,446,450,424,525,588,542,342,496,360,509,503,296,558,402,421,672,437,492,468,291,334,419
4,0,435,350,411,381,509,446,644,372,530,388,301,185,300,426,605,387,552,424,230,226,498,482
5,1,434,450,378,514,494,607,354,510,287,294,424,439,355,407,412,340,275,355,477,527,300,541
5,1,435,450,275,416,297,544,445,469,302,370,606,588,486,595,664,477,248,581,463,371,603,503
5,0,400,350,481,340,441,461,660,386,410,351,406,397,428,384,278,330,423,450,305,293,355,256
4,1,400,450,263,411,430,422,411,494,314,423,488,426,389,480,383,356,332,642,393,583,286,470
4,0,378,350,346,364,482,428,379,593,346,140,640,203,371,459,316,529,342,283,442,368,344,359
4,0,439,350,383,344,446,503,398,221,457,274,417,397,375,381,379,377,468,170,435,315,232,402
4,1,400,450,264,298,257,578,322,391,388,470,345,585,396,485,278,335,374,369,307,347,465,504
5,1,361,450,254,597,442,684,540,501,471,521,248,522,284,496,384,260,487,324,442,482,330,352
5,0,400,350,498,250,499,517,414,194,468,357,329,320,435,375,496,235,558,281,315,294,221,388
4,1,400,450,480,558,353,538,450,493,375,520,582,340,420,173,405,244,546,319,366,313,180,577
4,0,371,350,442,361,129,291,278,267,71,133,387,134,294,392,209,376,231,415,405,403,424,362
5,0,400,350,426,344,426,250,388,309,408,351,445,481,238,229,333,219,480,272,374,326,376,458
5,1,418,450,563,404,417,384,351,582,398,457,312,380,534,477,541,77,351,634,306,598,287,518
5,1,447,450,370,378,601,417,440,415,330,357,277,430,449,355,423,353,439,429,637,485,421,328
4,1,400,450,344,536,557,496,624,558,539,423,498,551,425,437,458,523,549,576,402,363,396,394
4,0,430,350,402,478,635,209,458,252,357,283,257,236,320,532,571,352,351,467,438,378,432,422
4,1,400,450,575,398,119,482,405,440,504,270,382,513,439,394,516,422,466,531,405,344,432,369
5,1,423,450,295,551,221,466,401,484,675,456,424,503,154,186,518,517,458,404,460,450,330,384
4,0,360,350,283,164,384,161,269,255,440,287,445,478,413,483,314,538,536,215,452,344,511,295
5,1,364,450,488,594,362,588,381,467,282,528,402,269,290,453,148,498,314,331,344,323,263,420
5,1,429,450,410,457,483,340,413,361,484,383,470,455,466,422,303,487,606,595,467,499,467,445
4,1,400,450,504,392,374,419,390,449,294,377,399,471,473,337,429,366,360,398,196,252,387,481
4,0,360,350,446,213,383,310,154,558,380,408,367,227,329,303,394,421,360,291,386,358,291,566
5,1,402,450,446,329,555,458,464,490,545,270,565,334,321,411,493,386,511,483,292,338,331,350
5,0,400,350,332,294,595,401,391,237,574,302,349,147,531,177,306,222,576,357,447,272,519,485
5,0,400,350,276,352,477,262,342,321,487,334,456,359,329,202,484,232,467,292,439,249,399,423
4,0,435,350,465,383,474,55,411,218,451,213,521,438,438,327,415,389,413,221,311,298,492,407
5,1,356,450,422,484,402,413,230,330,167,351,492,525,582,545,319,483,325,450,525,454,324,464
5,0,400,350,213,364,442,467,643,294,384,287,426,340,351,490,415,361,469,381,366,194,318,342
4,1,400,450,328,436,395,305,410,587,525,626,349,441,365,235,458,407,256,433,353,414,441,579
4,0,360,350,398,389,413,276,381,494,338,337,571,440,422,307,450,311,219,210,242,395,356,377
4,1,400,450,483,347,542,507,397,403,351,413,278,558,392,562,630,443,353,352,225,514,476,531
4,1,400,450,390,561,465,411,454,503,461,442,579,646,322,558,416,480,484,403,425,484,357,334
5,0,400,350,278,385,434,345,501,259,409,503,582,402,493,598,372,339,471,379,337,492,349,321
4,0,381,350,162,419,511,306,412,335,274,432,387,363,553,610,459,349,505,335,292,345,307,482
4,1,400,450,159,500,579,664,243,397,488,701,494,450,443,300,424,359,466,473,431,514,319,526
5,1,440,450,419,215,359,497,408,369,381,361,315,331,493,523,259,679,394,400,398,341,440,419
5,1,385,450,270,451,312,562,262,360,414,411,222,562,239,329,359,530,254,268,346,554,538,299
4,0,426,350,410,490,426,448,320,349,512,365,495,201,333,296,558,560,503,247,289,241,403,363
5,0,400,350,362,392,409,484,400,380,609,323,520,249,482,518,427,353,318,270,344,466,494,181
4,0,425,350,647,399,363,424,411,415,241,191,455,454,324,404,379,210,458,397,445,294,500,585
5,0,400,350,189,202,274,368,501,349,417,319,407,347,289,418,370,398,301,389,337,369,316,340
5,0,400,350,507,531,354,231,590,477,553,474,436,349,451,285,369,339,410,628,359,366,367,527
5,1,355,450,443,496,312,343,474,476,352,397,300,515,233,506,436,621,497,425,196,454,341,567
4,1,400,450,216,655,514,438,334,577,342,527,399,306,467,464,384,417,455,354,427,412,351,263
4,0,444,350,557,480,399,346,531,388,245,240,560,398,587,303,472,331,320,454,469,543,292,435
4,1,400,450,533,540,184,517,294,294,503,352,399,377,372,470,379,272,354,408,473,584,277,417
5,0,400,350,403,268,341,367,312,372,396,369,316,351,407,322,488,400,444,361,377,154,511,433
5,0,400,350,469,354,332,246,389,440,403,475,357,449,370,526,583,407,222,303,441,89,505,436
5,1,383,450,274,512,535,443,155,289,284,498,541,472,463,553,498,364,416,503,438,349,402,436
4,1,400,450,231,409,316,466,463,350,231,328,388,457,633,461,301,316,441,525,221,522,509,592
5,1,364,450,234,343,411,400,362,709,372,372,324,256,487,465,297,434,352,362,339,331,426,471
5,0,400,350,257,385,631,395,407,370,553,239,418,169,354,452,563,265,230,228,287,327,503,257
5,0,400,350,407,442,324,446,606,327,602,532,251,399,437,169,408,298,377,272,485,322,482,383
4,1,400,450,313,376,434,541,319,395,378,390,464,516,341,344,436,444,312,494,505,535,489,503
4,0,437,350,632,93,593,366,234,398,406,172,478,264,436,243,284,455,361,356,502,194,449,299
4,1,400,450,354,538,368,364,343,687,372,464,308,339,299,352,505,654,554,442,324,497,335,429
4,0,362,350,338,304,244,512,350,220,351,266,425,305,230,301,319,347,353,252,293,379,259,424
5,0,400,350,449,337,223,259,300,365,504,339,571,310,349,312,419,232,505,395,356,484,372,442
4,0,427,350,205,403,304,288,484,334,473,473,398,323,365,308,345,259,538,350,275,372,624,258
5,0,400,350,446,378,261,236,371,306,379,275,418,373,539,333,307,555,514,278,293,288,543,486
5,1,389,450,478,433,472,396,356,557,289,526,254,348,303,455,455,387,399,364,359,558,424,415
5,0,400,350,483,444,528,85,433,381,417,418,290,470,408,221,481,429,526,477,317,330,311,300
5,1,446,450,385,439,701,540,304,451,417,512,485,520,460,523,254,398,395,448,603,426,452,533
5,1,407,450,429,347,458,460,616,596,359,314,589,487,408,448,592,488,524,616,470,417,292,490
5,1,361,450,431,467,295,339,165,387,353,583,490,482,332,282,387,460,388,424,374,631,302,768
5,0,400,350,410,256,423,411,410,374,552,442,374,391,516,465,473,362,412,360,376,222,361,305
4,1,400,450,536,464,402,526,226,477,462,587,481,504,384,350,395,649,403,481,576,683,449,359
5,1,410,450,411,516,349,448,307,355,544,412,529,555,236,578,434,489,302,423,394,502,358,452
4,1,400,450,297,502,328,421,201,241,510,424,474,348,310,390,419,491,379,469,420,384,329,247
5,0,400,350,451,285,432,249,334,476,372,358,290,455,447,367,386,437,268,240,481,246,358,177
4,0,376,350,403,501,352,371,206,311,450,423,315,332,452,269,430,496,475,350,259,438,341,301
4,0,382,350,518,383,334,213,488,261,224,233,281,136,300,473,441,285,482,408,354,422,351,431
5,0,400,350,368,642,493,401,498,170,176,306,255,413,390,231,427,380,500,388,443,273,401,654
4,0,417,350,333,468,456,352,436,338,352,535,533,620,462,444,425,295,464,364,318,494,433,249
5,1,438,450,361,393,447,404,321,384,603,621,563,374,241,494,351,467,356,648,642,375,477,487
5,0,400,350,224,364,394,442,332,270,369,161,376,535,353,346,374,439,268,425,422,259,295,281
4,1,400,450,229,547,423,407,320,529,454,412,543,124,320,532,395,489,291,430,408,532,505,502
5,0,400,350,258,412,381,308,528,262,501,545,459,346,313,536,208,240,427,312,218,360,593,379
4,0,406,350,380,390,370,425,439,399,374,482,390,240,410,141,420,390,377,373,230,464,539,309
5,0,400,350,482,246,198,371,298,364,305,425,306,508,478,511,481,453,529,312,400,84,399,357
5,0,400,350,293,335,386,351,522,529,208,235,374,406,316,423,323,343,279,124,261,433,296,182
5,1,380,450,399,327,246,352,309,399,410,633,499,262,374,602,512,346,346,355,259,404,473,397
5,0,400,350,306,363,269,176,432,569,376,409,468,354,732,300,440,277,445,347,535,321,356,452
4,1,400,450,296,602,321,428,442,584,431,676,268,584,422,315,350,399,504,401,436,314,513,487
5,1,442,450,452,445,614,349,516,225,461,340,582,310,581,566,511,547,413,357,604,490,601,433
4,1,400,450,221,366,345,336,393,292,349,304,407,477,315,537,378,464,389,323,445,347,326,444
4,1,400,450,432,522,402,478,424,360,510,563,428,348,358,298,445,508,358,481,356,619,306,391
4,0,443,350,589,186,399,406,502,170,418,409,430,363,606,173,531,293,353,174,296,213,360,344
5,0,400,350,512,271,286,252,414,332,491,592,397,103,374,321,470,261,472,287,499,295,527,419
4,0,380,350,346,336,409,407,208,409,227,250,442,396,352,240,148,309,488,375,358,542,488,495
5,0,400,350,496,211,488,271,359,291,281,286,465,311,448,204,281,412,442,386,387,411,258,261
4,0,449,350,505,423,513,366,604,390,430,422,535,306,437,237,335,356,385,410,667,224,674,176
4,0,375,350,492,298,286,470,320,302,413,340,516,325,467,384,562,180,351,380,288,413,326,307
5,1,398,450,421,455,399,342,447,427,457,652,313,446,536,430,462,492,320,483,205,492,407,603
5,1,448,450,578,492,433,330,511,555,618,426,566,318,315,448,404,421,172,418,423,504,570,525
4,1,400,450,235,401,478,716,266,500,498,321,321,424,385,412,429,384,248,294,499,494,464,461
5,1,398,450,485,436,537,421,281,371,371,474,323,348,294,565,397,581,209,493,373,534,436,539
5,1,381,450,328,412,375,342,347,546,447,387,390,546,168,554,304,361,426,300,464,498,302,364
5,1,419,450,535,471,410,492,632,629,379,445,406,380,542,375,468,336,419,546,553,487,328,555
4,0,391,350,508,559,431,264,523,492,399,296,366,233,559,340,390,271,360,580,390,426,398,303
4,1,400,450,489,425,381,577,240,488,420,598,259,407,506,416,496,499,592,573,453,489,464,512
5,1,424,450,498,688,396,323,413,520,548,438,409,468,313,261,499,315,210,372,406,380,414,380
4,1,400,450,469,472,411,390,148,430,373,616,303,488,478,297,414,375,229,438,498,503,327,375
5,1,425,450,401,349,498,555,469,428,109,542,368,365,670,454,504,362,455,292,373,336,374,362
4,1,400,450,523,596,355,419,393,532,468,299,537,360,396,547,351,412,371,518,381,537,232,525
4,1,400,450,351,395,352,411,373,452,290,398,469,354,455,360,489,248,187,507,246,453,343,467
4,1,400,450,468,410,556,526,328,514,399,308,438,327,467,534,565,298,527,404,259,627,420,554
5,0,400,350,241,481,477,177,250,349,364,283,422,534,347,364,376,439,269,371,496,203,421,408
5,1,373,450,349,437,271,320,333,386,432,580,379,637,542,460,314,476,440,421,589,472,377,535
5,0,400,350,360,120,405,227,335,399,509,579,373,400,359,188,304,370,327,210,371,232,493,253
4,0,431,350,410,440,402,368,594,266,389,202,388,493,500,428,281,416,506,413,452,237,598,324
5,0,400,350,383,285,403,376,489,296,447,522,326,375,462,455,268,435,500,305,234,290,387,449
4,1,400,450,449,314,329,443,380,382,178,442,258,461,411,372,549,273,412,486,456,563,358,401
5,1,447,450,470,376,443,368,299,365,385,328,579,471,387,352,586,465,454,451,383,281,442,316
4,0,442,350,514,428,401,426,372,179,533,382,327,369,485,206,478,234,420,221,476,282,342,228
5,1,363,450,458,405,474,478,359,526,429,610,376,317,305,368,378,544,339,289,195,543,399,466
5,1,434,450,430,519,544,454,370,529,467,371,424,393,355,532,275,396,513,500,325,432,405,541
5,0,400,350,579,318,463,488,405,346,509,382,485,394,102,426,358,460,484,398,352,468,421,374
5,0,400,350,264,400,500,382,367,409,434,570,310,278,428,412,276,347,393,394,385,235,352,493
5,1,428,450,496,466,446,701,313,483,431,439,562,416,208,391,331,570,459,331,637,511,518,532
5,0,400,350,646,308,133,224,553,155,300,247,239,395,460,514,390,311,433,280,270,313,313,174
5,1,418,450,290,571,395,265,380,393,411,647,398,338,541,277,455,609,421,427,427,503,527,340
4,1,400,450,383,579,543,490,374,468,500,548,418,525,365,587,249,357,418,469,300,574,311,320
4,1,400,450,267,484,285,509,386,388,264,573,271,312,422,525,370,523,442,279,276,306,352,450
4,1,400,450,350,517,493,305,624,540,297,510,347,386,445,342,273,387,310,459,449,411,423,350
5,0,400,350,483,241,314,351,420,441,285,382,479,218,419,298,386,283,528,411,325,205,373,564
4,1,400,450,362,381,375,302,285,445,403,489,496,264,325,296,483,325,367,420,412,544,344,415
5,0,400,350,342,388,235,242,248,147,578,512,474,385,334,424,359,614,598,410,328,516,341,484
5,1,400,450,524,715,323,475,427,421,277,532,408,471,361,468,292,438,428,590,388,523,565,418
5,1,430,450,400,414,427,379,417,576,375,504,213,547,504,592,209,405,642,455,257,507,337,445
5,0,400,350,300,177,366,453,242,329,472,236,123,231,392,246,436,465,263,315,457,372,269,347
5,1,381,450,430,323,431,519,328,248,517,607,436,353,346,428,445,451,398,551,517,440,401,534
4,1,400,450,457,476,398,434,504,548,473,577,354,623,277,384,458,452,332,339,168,511,254,424
4,1,400,450,343,409,561,598,472,423,368,636,432,596,567,449,403,291,347,644,342,529,291,470
5,0,400,350,456,366,381,447,323,379,410,287,453,396,401,274,397,228,444,302,451,311,377,379
5,1,415,450,333,499,554,438,354,398,374,611,388,425,376,423,481,306,401,473,378,698,483,365
4,0,366,350,430,282,203,328,401,443,475,203,467,371,223,386,273,382,310,274,263,436,272,360
4,1,400,450,389,416,608,438,521,495,394,494,361,495,453,425,399,538,475,265,233,471,306,535
5,1,375,450,449,517,459,415,117,481,490,658,350,369,314,318,367,602,349,598,354,454,196,230
5,1,423,450,646,504,348,568,354,252,417,222,338,414,334,381,349,374,497,557,313,406,416,502
4,1,400,450,347,327,289,502,384,386,476,426,520,429,159,469,313,518,465,443,409,425,302,527
5,0,400,350,318,560,268,439,326,393,248,395,507,136,211,259,358,296,367,331,172,350,416,355
4,0,375,350,402,424,359,260,514,367,256,402,370,331,479,437,521,338,470,435,206,399,425,241
4,0,438,350,364,533,459,182,422,315,390,325,501,309,513,333,378,290,375,293,649,427,333,301
4,0,434,350,552,569,643,491,534,343,236,426,320,454,467,263,436,254,437,502,524,308,463,153
4,0,352,350,270,273,355,381,299,314,356,154,357,235,361,414,192,486,332,536,220,442,343,197
4,0,405,350,527,541,499,471,346,406,642,429,235,274,266,261,525,444,441,357,264,400,470,440
4,0,445,350,395,410,596,305,432,70,453,211,331,395,463,302,449,338,557,502,423,398,471,406
4,0,375,350,388,313,417,422,164,292,194,444,224,223,372,430,466,559,527,196,403,258,407,369
4,0,416,350,466,316,402,363,605,399,317,430,213,361,330,495,611,330,352,450,439,668,533,216
4,1,400,450,405,389,654,507,375,318,510,365,338,515,213,393,422,275,353,276,219,308,386,494
4,1,400,450,323,360,438,354,306,460,401,345,349,364,195,290,455,665,520,307,328,318,198,504
4,0,443,350,517,349,618,173,457,552,541,370,650,476,504,420,513,420,414,415,477,497,540,383
4,1,400,450,435,357,333,439,192,366,294,526,281,485,499,440,447,522,325,531,323,373,382,331
