Configuration,TrueModelUpDown,TrueLocationP,TrueLocationQ,P0,Q0,P1,Q1,P2,Q2,P3,Q3,P4,Q4,P5,Q5,P6,Q6,P7,Q7,P8,Q8,P9,Q9
4,0,443,350,388,310,536,538,307,300,316,355,491,312,348,557,387,204,442,248,432,364,507,259
4,0,383,350,299,142,348,292,431,257,249,316,230,465,312,273,527,585,519,398,309,274,108,279
5,1,395,450,96,550,336,382,459,382,636,627,378,492,377,552,475,360,401,635,419,648,286,577
5,0,400,350,312,323,565,291,299,355,337,320,554,335,527,513,339,457,286,475,379,336,480,448
4,1,400,450,337,621,449,369,386,446,375,586,518,586,241,577,393,347,410,516,337,231,385,564
5,0,400,350,334,435,504,333,532,176,314,417,568,205,408,295,331,479,292,543,463,319,474,284
4,1,400,450,383,455,408,478,394,403,309,347,493,568,331,662,458,594,273,473,377,476,339,390
5,1,375,450,305,306,411,430,499,478,411,480,187,591,391,282,300,489,402,422,391,480,369,515
4,0,361,350,378,213,246,405,258,276,423,514,298,396,220,357,501,288,353,276,453,409,298,387
4,1,400,450,455,559,484,548,449,446,286,489,345,391,349,380,423,372,373,475,381,570,368,686
5,0,400,350,335,382,451,293,428,363,374,359,470,345,400,348,453,532,421,401,423,449,327,226
5,0,400,350,482,182,352,321,567,431,364,271,359,527,369,440,420,448,550,521,326,276,352,344
5,1,373,450,371,386,542,530,387,389,467,385,290,347,397,489,467,395,322,610,521,359,399,580
5,1,380,450,465,453,441,337,542,425,284,496,503,401,371,598,395,234,586,441,259,503,276,528
4,0,442,350,474,281,511,365,520,335,546,321,500,299,531,489,399,428,641,527,348,297,464,403
4,1,400,450,199,555,393,482,424,482,399,294,338,511,469,440,370,560,368,502,362,436,338,510
5,1,411,450,713,688,407,468,481,493,462,544,443,553,536,533,334,243,446,491,129,479,536,590
5,0,400,350,378,501,325,333,363,315,507,143,456,261,394,198,336,255,250,352,501,353,517,312
5,0,400,350,577,232,313,324,466,375,629,282,492,509,442,312,321,408,331,320,311,195,505,387
4,1,400,450,378,432,190,350,397,567,315,405,418,469,253,427,475,515,338,452,292,457,389,391
5,0,400,350,368,497,293,493,482,421,448,430,439,434,496,455,320,394,421,265,426,315,523,256
5,0,400,350,345,362,587,335,496,363,436,615,563,508,425,385,490,384,270,388,308,404,321,381
4,1,400,450,340,486,462,399,441,547,486,600,524,512,245,374,255,335,466,446,324,454,336,547
5,0,400,350,323,406,531,260,346,241,372,377,347,288,416,486,463,421,300,319,434,466,457,275
5,1,444,450,324,187,431,624,570,584,435,409,474,343,465,431,372,498,510,575,453,426,273,309
5,1,433,450,503,393,457,246,548,464,431,461,480,477,431,491,347,509,362,509,490,446,457,545
5,1,413,450,459,374,448,459,417,445,502,352,392,298,533,365,384,592,515,443,438,491,516,583
5,0,400,350,406,293,564,343,373,243,448,386,465,305,316,482,397,464,424,170,347,174,295,278
5,1,390,450,395,697,396,566,388,676,414,262,480,458,479,598,478,507,409,615,534,508,378,474
4,0,381,350,453,378,391,422,359,369,515,388,320,379,314,294,412,184,487,448,313,413,470,505
5,0,400,350,503,391,397,233,586,222,503,202,343,236,443,230,430,434,495,469,283,363,503,296
4,1,400,450,526,569,345,562,398,409,477,466,286,451,398,431,302,550,396,301,458,460,432,452
5,0,400,350,367,220,303,419,434,498,194,300,331,460,576,381,323,511,391,437,401,309,210,446
5,0,400,350,242,332,254,338,328,330,387,295,330,342,529,433,299,271,473,206,409,159,484,254
5,0,400,350,482,303,347,398,448,478,380,341,591,490,525,462,309,504,466,315,385,268,468,204
5,1,438,450,435,407,427,405,435,304,483,529,334,498,505,286,412,284,494,549,589,498,432,446
4,1,400,450,433,529,608,467,316,330,288,307,279,517,517,388,321,614,398,395,362,378,404,565
4,1,400,450,509,464,388,413,354,471,326,538,373,499,216,514,376,388,168,330,475,397,342,637
5,0,400,350,473,315,185,550,262,394,478,260,378,212,495,375,385,253,600,310,406,168,340,325
5,1,404,450,507,531,430,577,431,415,491,253,481,302,508,467,383,513,440,307,417,424,469,461
4,1,400,450,394,376,386,409,365,552,579,563,612,433,363,393,440,345,358,458,354,535,328,492
5,0,400,350,659,267,379,414,167,317,479,294,313,389,374,352,435,239,283,309,615,261,540,252
5,0,400,350,526,503,301,176,438,332,212,437,564,487,373,406,333,320,426,138,429,324,432,414
5,0,400,350,454,275,336,374,451,255,420,370,344,253,594,366,304,337,365,210,392,378,504,273
4,1,400,450,282,524,461,537,432,303,529,422,564,359,472,468,416,452,416,319,294,550,339,416
4,1,400,450,341,502,404,666,539,447,338,563,458,354,484,580,591,547,325,523,196,411,422,456
4,0,418,350,470,350,367,576,513,243,233,162,457,364,408,306,304,362,456,442,383,410,247,438
4,0,366,350,507,487,558,441,240,306,368,309,504,329,393,183,426,388,269,291,413,297,331,369
5,0,400,350,354,563,420,419,509,412,492,466,312,445,266,428,492,315,347,424,335,426,498,551
5,0,400,350,468,398,520,323,408,261,457,247,184,197,450,330,358,262,518,343,248,372,499,443
4,1,400,450,335,561,335,512,321,448,563,400,581,394,238,433,438,470,576,383,560,485,342,710
5,0,400,350,327,414,386,306,312,365,478,435,415,529,347,328,312,452,384,414,474,511,453,396
5,0,400,350,352,421,525,384,421,434,398,328,359,451,336,340,258,384,254,311,505,473,561,382
4,0,395,350,503,408,479,238,425,336,409,356,634,331,629,249,418,304,201,545,454,548,441,412
4,1,400,450,470,586,443,484,285,535,472,420,490,528,258,424,253,474,318,479,466,359,337,282
5,1,375,450,490,390,418,435,272,554,564,413,404,372,324,375,412,290,468,426,385,575,377,292
5,0,400,350,506,380,504,524,448,357,386,253,492,448,648,250,367,256,460,538,362,538,377,363
5,1,406,450,266,412,391,478,382,637,536,331,413,466,480,689,356,263,248,444,369,454,402,417
4,0,419,350,320,259,374,361,553,317,387,539,374,410,392,260,416,300,393,258,461,172,424,391
4,1,400,450,342,522,381,337,399,461,350,506,472,455,460,377,230,388,463,493,320,390,509,423
5,0,400,350,471,429,331,215,246,524,270,113,492,350,322,80,405,192,365,556,139,408,388,293
4,1,400,450,345,414,388,509,318,527,366,532,321,434,535,421,354,441,318,333,360,573,379,242
5,0,400,350,189,341,375,505,310,284,452,280,564,381,357,399,476,265,362,320,436,195,529,170
5,1,441,450,382,509,378,491,409,532,362,403,521,477,378,359,497,371,474,398,426,448,492,516
5,0,400,350,338,465,614,407,465,352,452,464,502,375,467,353,394,291,471,340,353,195,404,336
4,0,364,350,463,336,444,273,326,361,288,420,541,333,394,430,367,492,245,303,328,246,355,361
4,1,400,450,334,395,532,388,329,486,397,591,216,488,470,439,181,460,209,493,350,509,196,205
4,1,400,450,535,331,457,514,451,507,228,582,241,435,433,332,355,405,419,373,196,451,477,464
4,0,383,350,465,354,400,492,238,268,264,305,379,402,415,349,520,390,423,261,488,275,574,328
4,1,400,450,427,477,237,390,291,623,501,380,282,533,466,557,218,514,547,356,279,475,273,459
4,1,400,450,553,562,500,534,424,617,371,388,522,296,258,321,389,550,490,421,429,303,479,651
5,1,368,450,263,401,248,473,307,414,510,601,292,577,493,549,213,565,340,281,344,373,406,375
5,1,390,450,389,548,466,583,443,295,504,497,468,467,492,377,251,382,316,482,437,473,375,465
5,0,400,350,160,265,362,331,309,309,494,201,312,361,333,520,482,327,364,322,357,545,257,508
4,1,400,450,560,268,410,301,478,472,345,454,536,428,481,332,285,396,284,571,447,505,628,566
4,1,400,450,433,578,410,587,435,464,506,508,476,448,526,332,372,490,379,524,411,350,372,524
4,1,400,450,502,285,252,407,352,418,347,436,277,580,405,472,470,456,341,462,485,248,498,439
5,0,400,350,492,405,352,296,511,369,480,367,494,609,297,324,354,537,324,357,296,371,414,625
5,0,400,350,395,204,407,385,389,251,415,422,336,288,263,174,435,259,252,251,403,446,406,272
5,0,400,350,336,307,298,489,422,272,437,464,447,271,432,318,370,369,344,388,330,278,694,284
4,1,400,450,305,450,405,553,273,382,310,511,460,457,477,494,354,522,490,534,273,389,446,303
4,0,371,350,350,238,481,402,388,534,505,451,559,457,489,447,406,475,317,406,345,269,260,359
4,1,400,450,432,438,491,694,438,517,427,370,370,511,239,303,371,554,399,340,344,303,365,564
5,0,400,350,293,370,324,426,530,351,555,236,382,265,507,337,388,189,271,438,452,274,436,320
4,0,385,350,348,393,331,316,591,372,170,295,437,249,363,379,323,559,357,268,523,443,541,408
5,0,400,350,243,440,396,413,459,158,489,420,403,229,432,361,455,431,209,411,380,184,365,107
4,1,400,450,291,598,518,432,277,513,436,412,461,550,500,523,397,537,399,500,511,583,287,517
4,0,380,350,407,430,392,221,363,372,340,485,309,310,223,241,478,242,410,229,381,292,256,359
4,1,400,450,349,432,539,556,600,448,422,469,350,270,381,444,364,594,430,197,272,462,392,499
5,0,400,350,368,322,332,365,355,313,379,448,424,383,549,372,473,311,507,184,453,316,289,340
5,0,400,350,544,174,323,408,428,390,254,424,413,476,449,273,608,381,373,541,365,469,348,179
4,1,400,450,477,401,382,301,259,458,334,572,551,366,424,527,474,551,342,485,515,549,405,321
5,1,403,450,170,342,374,441,262,458,580,366,392,614,166,357,507,346,418,530,468,468,226,466
5,1,426,450,379,358,328,604,418,397,343,159,392,157,318,601,392,244,571,320,586,339,349,438
4,0,405,350,396,373,542,320,474,262,332,323,371,287,329,295,491,285,450,512,354,358,430,255
4,1,400,450,393,487,359,374,273,388,689,427,382,516,527,390,420,488,298,530,385,317,537,303
4,1,400,450,358,411,355,471,412,356,517,464,304,395,299,498,190,429,505,591,380,512,369,412
4,0,376,350,481,212,413,388,439,357,438,474,406,471,368,313,451,281,491,105,459,472,343,340
5,0,400,350,295,291,492,405,457,338,368,204,493,377,270,305,332,291,232,274,420,312,494,433
4,1,400,450,414,729,308,354,465,565,290,377,280,482,436,297,317,637,370,558,492,463,275,533
4,0,409,350,217,446,393,501,485,390,427,375,375,362,591,473,339,385,443,236,319,278,438,220
4,0,359,350,332,627,323,223,288,319,423,414,350,450,299,251,213,384,465,459,320,289,374,251
5,1,448,450,392,341,404,406,458,348,572,444,418,422,531,412,416,497,369,318,340,586,469,370
5,0,400,350,438,408,478,232,368,395,335,427,245,426,356,332,442,336,350,272,449,361,497,264
4,1,400,450,345,548,375,510,335,669,347,574,293,596,553,421,537,561,463,414,337,421,365,560
4,1,400,450,345,603,422,270,349,487,540,700,431,480,278,356,454,472,308,468,457,331,391,413
5,1,417,450,275,491,598,440,372,361,426,465,560,455,251,604,526,557,299,602,438,442,541,479
5,0,400,350,427,449,498,547,527,368,434,368,334,285,397,227,304,309,296,327,266,261,389,283
4,0,419,350,564,358,643,346,431,326,365,343,229,268,357,335,276,324,370,347,308,281,554,325
5,1,442,450,425,354,450,377,355,431,633,409,513,483,238,325,590,634,449,286,559,440,550,547
5,0,400,350,360,415,512,147,467,343,415,232,555,308,376,331,380,307,401,437,537,159,452,367
4,1,400,450,553,422,276,396,233,497,433,492,206,270,524,589,274,461,299,285,439,511,304,314
5,1,444,450,357,508,408,472,434,514,441,627,273,417,520,365,265,572,295,370,522,580,429,544
4,0,390,350,454,361,379,483,404,161,341,268,307,287,512,403,333,117,439,227,351,442,323,395
4,1,400,450,397,499,465,563,595,524,486,599,504,563,470,559,429,468,466,415,310,382,419,303
4,0,421,350,306,261,511,329,531,356,519,384,460,498,314,288,473,470,545,151,407,371,360,602
5,1,361,450,370,429,451,460,154,429,397,314,335,349,305,341,325,196,465,521,216,314,132,429
4,0,365,350,473,355,335,393,209,208,402,117,365,64,443,243,230,406,301,269,395,456,296,305
4,0,406,350,522,377,193,349,413,350,343,436,375,330,360,366,378,445,410,280,505,185,345,547
5,1,408,450,293,559,516,544,477,544,423,422,506,367,519,485,443,391,440,573,394,447,382,447
4,0,374,350,269,376,425,424,262,456,576,374,178,413,289,341,544,397,257,225,514,329,304,379
4,0,444,350,529,319,521,379,552,408,446,258,461,263,268,389,625,387,432,351,343,319,586,349
5,1,435,450,575,616,299,238,554,275,280,375,411,510,440,502,514,307,321,452,417,363,523,545
5,0,400,350,376,438,336,164,501,409,424,396,249,245,395,245,381,370,410,273,348,317,429,230
4,0,401,350,325,284,452,345,409,188,498,457,412,613,498,462,484,294,228,418,492,427,342,225
5,0,400,350,372,524,610,409,395,385,664,403,478,354,282,330,276,347,427,476,438,388,411,308
5,0,400,350,211,225,521,292,332,375,353,350,504,383,388,314,588,406,309,547,379,494,383,385
5,0,400,350,602,314,248,348,471,470,582,390,456,473,409,452,487,519,504,352,413,430,436,402
5,0,400,350,361,286,296,452,492,242,345,413,229,415,258,376,270,370,634,385,360,384,342,108
4,0,384,350,475,454,240,245,430,280,203,503,198,381,410,349,421,337,440,393,464,365,438,356
5,0,400,350,588,268,249,476,364,293,520,380,493,281,223,339,280,327,491,382,368,163,492,364
4,1,400,450,284,325,252,485,489,289,412,459,562,568,166,525,267,400,390,392,315,332,389,287
5,0,400,350,354,332,483,340,508,503,446,218,447,374,462,531,446,385,449,314,435,505,303,436
5,0,400,350,482,344,583,452,210,442,472,372,483,294,711,255,313,136,440,350,545,450,501,202
5,0,400,350,245,480,421,267,398,369,372,350,359,212,390,344,289,376,505,255,402,190,264,316
4,0,426,350,461,392,480,398,493,232,329,436,363,154,497,429,441,481,395,441,353,369,278,312
5,0,400,350,376,273,468,335,427,391,350,399,477,471,473,464,178,413,443,183,528,320,479,346
4,1,400,450,387,596,705,463,542,542,473,369,314,326,321,374,438,483,355,469,390,489,444,530
4,1,400,450,448,486,392,308,486,384,429,400,394,246,475,693,380,418,387,413,380,430,332,365
4,1,400,450,318,419,213,617,386,578,395,547,386,496,295,503,442,427,401,326,544,297,496,509
5,0,400,350,511,126,418,314,599,216,285,367,355,287,456,314,461,495,389,403,409,523,404,358
5,0,400,350,411,299,625,299,346,301,575,359,334,244,318,336,339,438,383,469,504,261,490,323
4,1,400,450,388,674,260,628,544,358,382,363,376,552,363,432,289,352,473,478,486,455,416,498
4,0,385,350,455,288,361,285,282,221,485,370,403,414,318,359,576,449,476,228,440,539,462,545
5,0,400,350,255,384,416,407,322,389,217,444,437,53,283,403,387,356,540,451,259,314,469,434
4,0,387,350,575,228,357,274,249,354,462,357,308,296,354,441,524,284,560,254,428,204,227,327
4,0,442,350,413,408,401,451,403,391,260,289,267,205,543,294,253,249,475,399,358,383,292,365
5,1,409,450,384,607,388,442,534,281,444,470,412,320,427,465,414,481,391,593,667,439,472,394
4,1,400,450,442,363,383,455,369,416,505,408,373,368,556,415,348,495,369,526,301,650,455,272
5,1,363,450,279,377,424,371,436,479,355,375,304,518,320,347,455,515,378,523,563,472,201,364
5,1,400,450,417,148,425,459,488,448,322,515,549,641,404,524,252,535,455,634,466,471,479,373
4,1,400,450,389,561,372,342,158,541,523,376,514,430,458,500,625,394,250,475,518,274,402,369
5,1,403,450,419,462,637,354,614,428,626,372,447,530,320,499,411,309,395,639,319,450,287,432
4,1,400,450,458,386,363,393,329,336,447,394,382,442,346,478,285,330,473,454,354,426,394,186
4,0,402,350,378,563,586,329,252,310,228,400,426,388,333,220,407,405,360,503,392,379,395,369
4,0,398,350,550,390,510,290,447,312,442,345,527,373,536,225,497,234,449,336,312,235,239,402
4,1,400,450,410,539,540,433,348,536,355,412,382,251,251,421,612,404,360,525,544,534,440,385
5,0,400,350,624,283,413,359,395,126,494,521,452,499,367,330,401,324,305,240,286,286,398,256
5,0,400,350,352,355,471,412,298,334,298,386,429,141,325,421,392,369,343,133,321,265,564,328
4,1,400,450,264,379,538,596,281,413,336,625,212,378,510,441,449,302,440,559,391,477,387,548
5,0,400,350,414,360,545,394,465,510,335,171,409,304,446,380,305,487,174,630,597,284,440,378
5,0,400,350,238,554,449,256,524,334,563,575,271,214,436,339,326,337,183,415,417,354,364,398
5,1,380,450,316,487,496,452,329,671,379,613,293,319,314,434,353,396,372,418,237,340,416,533
4,0,382,350,382,392,405,364,492,424,348,303,358,565,475,289,487,373,332,424,366,457,283,304
5,1,407,450,425,485,509,477,416,324,517,518,268,447,543,532,404,531,564,433,562,375,417,385
4,1,400,450,254,417,247,335,392,350,337,513,391,303,582,403,273,532,200,595,418,513,273,514
5,0,400,350,423,321,359,551,448,321,408,344,542,310,409,265,521,455,593,255,309,256,288,301
5,0,400,350,394,351,409,261,404,297,459,302,377,399,303,314,426,350,353,299,489,355,344,204
4,1,400,450,392,526,268,384,282,428,151,535,426,507,474,506,439,533,434,348,429,505,397,506
4,0,385,350,316,264,387,337,333,365,473,216,298,247,322,319,268,420,311,357,341,315,320,493
4,0,407,350,193,500,441,380,392,261,421,480,301,465,343,448,385,321,328,364,391,267,348,248
4,0,399,350,458,260,607,514,296,181,478,493,391,304,384,242,376,247,394,343,290,137,351,118
4,1,400,450,284,450,333,576,311,411,335,521,340,497,382,441,461,331,421,291,261,385,407,638
4,0,433,350,589,397,527,221,408,340,413,261,440,434,276,326,415,258,451,332,404,367,634,462
5,1,355,450,338,371,360,302,309,519,381,386,177,588,368,336,389,486,334,486,366,542,308,262
4,1,400,450,521,349,396,565,526,500,255,480,449,383,308,413,289,437,277,492,390,730,456,333
4,1,400,450,377,545,497,531,474,300,284,393,557,323,610,343,520,498,309,662,529,404,267,222
4,1,400,450,442,537,354,330,509,388,468,322,530,569,406,585,700,395,453,511,506,594,632,466
4,0,431,350,610,412,486,394,470,336,407,496,399,269,452,407,518,182,454,515,341,307,414,347
4,0,416,350,415,558,498,355,387,311,402,259,499,290,490,294,178,331,494,155,463,394,428,346
4,0,366,350,268,385,355,379,399,353,318,239,375,315,245,195,330,369,273,413,355,285,397,543
4,1,400,450,263,354,438,450,370,478,403,414,488,387,516,267,426,478,599,352,344,485,644,487
4,0,397,350,371,335,353,233,549,407,361,488,323,339,391,444,445,446,221,401,328,472,369,298
4,0,417,350,357,445,471,342,431,348,467,356,460,174,481,283,420,468,470,477,379,344,369,370
5,1,363,450,440,162,351,437,403,343,325,583,438,540,298,558,314,385,319,520,265,612,397,622
5,0,400,350,279,361,439,390,296,420,380,153,341,313,433,515,401,216,307,404,466,474,541,395
4,1,400,450,381,360,279,342,402,268,502,338,298,495,456,503,143,587,480,502,585,529,267,538
5,0,400,350,572,282,221,338,579,286,194,420,502,199,230,558,481,341,447,208,320,323,597,407
4,0,410,350,350,482,351,239,525,274,233,376,293,373,435,394,183,253,365,224,420,149,402,301
4,0,437,350,363,493,373,362,412,372,352,370,437,198,433,143,371,409,534,324,451,438,229,353
5,1,442,450,507,217,465,304,483,431,486,325,290,523,490,523,384,308,569,271,463,234,410,567
5,1,410,450,471,549,400,365,378,523,475,303,426,449,410,415,567,365,364,463,401,392,445,531
4,0,395,350,455,361,447,315,423,232,245,234,444,349,328,438,295,302,502,451,355,404,283,350
4,1,400,450,619,600,155,508,228,390,230,341,350,642,246,557,331,174,424,552,392,408,382,500
5,1,375,450,390,403,366,616,374,467,454,522,289,463,352,536,385,453,474,537,416,484,499,414
4,1,400,450,402,328,531,554,505,469,542,376,314,527,325,309,231,532,487,499,415,217,307,274
5,1,369,450,207,289,341,413,353,423,271,313,418,350,372,438,209,500,402,409,299,330,518,467
4,1,400,450,402,575,439,390,348,198,452,291,428,513,478,394,409,544,438,511,559,410,386,394
5,0,400,350,390,606,347,367,262,433,437,434,350,315,483,405,442,383,428,325,449,337,211,356
5,1,390,450,299,545,378,552,281,444,395,342,243,320,594,537,595,296,279,378,536,422,263,585
4,1,400,450,302,413,437,113,512,536,379,545,314,287,304,294,369,322,329,397,354,456,167,400
4,0,403,350,393,458,433,385,372,376,477,332,314,263,368,400,371,383,389,375,406,322,386,142
4,1,400,450,409,390,498,469,461,648,335,441,417,592,274,316,389,435,351,595,297,489,310,392
5,0,400,350,437,337,386,456,467,356,546,264,406,271,549,285,369,389,439,324,393,438,394,621
5,1,397,450,238,316,268,440,299,500,435,338,601,584,332,588,258,508,399,488,397,528,387,578
4,0,384,350,309,344,533,269,534,476,505,359,366,460,454,278,325,318,555,289,427,199,339,387
5,0,400,350,421,480,551,430,450,358,295,161,206,587,318,432,434,438,351,286,299,233,437,298
5,1,400,450,256,388,321,558,245,427,473,357,565,526,306,338,322,456,272,413,386,412,441,644
4,1,400,450,577,324,353,396,118,529,465,345,314,518,461,486,390,606,344,379,553,553,460,309
4,0,424,350,375,409,208,307,479,449,331,335,473,356,422,329,506,516,345,394,624,261,382,55
5,1,368,450,332,611,302,531,396,349,476,494,523,491,366,494,316,464,221,270,370,418,301,395
4,0,440,350,385,425,433,329,379,389,527,275,443,343,380,394,400,441,491,294,281,354,439,458
5,0,400,350,547,383,373,289,521,255,317,244,395,392,430,442,447,276,407,338,233,302,460,251
5,0,400,350,316,316,459,293,396,397,298,391,473,249,152,325,433,456,533,305,453,459,388,416
4,1,400,450,345,537,327,396,471,524,415,570,389,286,283,568,376,386,532,346,300,459,350,205
5,0,400,350,568,353,291,362,409,301,411,412,460,274,312,478,314,341,467,516,561,186,298,426
4,0,364,350,484,668,380,333,541,245,449,391,486,250,321,275,259,350,170,409,279,200,462,237
4,0,436,350,510,449,508,461,493,253,412,183,483,227,399,169,367,320,453,333,380,324,340,552
4,0,384,350,392,408,445,287,415,431,232,536,221,348,501,316,358,296,438,268,336,316,538,362
5,0,400,350,448,322,310,525,304,435,388,559,294,297,242,363,293,253,398,409,498,466,368,347
5,0,400,350,437,191,361,261,453,116,253,176,367,455,355,281,453,219,430,331,527,252,365,252
4,0,450,350,536,313,469,263,520,346,421,264,488,223,409,201,699,547,466,330,334,187,500,438
5,0,400,350,534,344,295,334,445,306,260,407,327,249,720,273,333,380,246,451,404,584,415,389
5,1,433,450,571,335,495,539,330,652,423,490,319,552,352,221,498,570,198,453,615,649,496,482
5,1,386,450,414,471,442,584,406,407,288,489,411,431,593,427,278,301,425,465,526,539,382,471
4,1,400,450,314,392,257,462,397,263,356,339,373,515,215,410,489,588,440,398,350,349,443,478
5,1,366,450,115,391,434,405,519,355,428,616,370,472,339,476,393,493,244,559,364,578,405,555
5,1,400,450,368,584,410,449,578,447,409,400,328,397,491,345,281,454,284,594,360,374,274,272
4,1,400,450,360,339,340,498,236,496,282,475,250,422,384,547,532,336,364,433,368,480,542,403
5,0,400,350,280,343,410,461,311,357,506,295,424,413,337,230,522,359,426,196,498,409,496,342
5,1,364,450,546,457,413,530,198,358,376,517,342,582,374,391,444,330,502,568,401,381,481,412
5,0,400,350,403,253,109,468,442,351,618,179,342,366,355,545,528,292,465,154,442,519,362,351
5,1,364,450,468,449,402,454,385,443,359,263,340,467,257,525,458,393,403,311,221,438,399,460
4,0,401,350,490,204,582,441,346,392,422,265,386,344,342,313,494,310,374,375,472,296,341,377
4,1,400,450,389,421,532,566,355,540,401,578,318,527,339,509,335,516,399,489,352,444,441,705
4,1,400,450,353,492,527,535,650,540,345,466,295,361,387,456,344,581,167,253,463,610,326,409
5,1,350,450,440,435,466,631,351,417,243,440,239,506,403,303,349,522,271,435,406,353,344,600
4,0,440,350,407,438,410,404,261,428,433,521,437,325,544,366,386,394,616,330,383,339,422,371
4,0,383,350,300,204,312,329,334,381,593,440,411,268,308,352,332,382,211,297,464,358,386,456
5,1,387,450,375,582,347,381,313,417,409,538,439,359,501,556,397,343,303,359,268,582,315,405
5,0,400,350,369,525,491,494,510,198,432,294,463,484,293,359,457,431,440,264,532,423,429,390
4,0,398,350,329,347,365,396,381,290,433,206,362,442,491,295,328,328,233,390,334,440,369,434
4,0,437,350,364,255,379,252,463,376,469,255,513,349,416,385,385,426,458,273,450,286,419,321
5,0,400,350,366,447,293,423,406,318,353,365,481,334,135,247,412,461,500,341,475,359,446,317
4,0,384,350,367,475,404,309,388,221,552,373,354,327,59,325,356,349,529,186,376,378,342,439
5,1,435,450,411,617,393,392,361,485,467,484,390,386,591,522,464,425,332,475,538,461,313,309
4,0,409,350,475,194,412,400,391,370,550,256,409,501,447,321,305,534,440,476,562,232,180,290
5,0,400,350,373,319,504,93,298,469,422,325,500,288,314,350,269,336,523,373,471,391,453,258
5,1,359,450,219,439,190,291,201,584,479,284,441,383,322,403,253,350,335,378,557,422,354,576
5,0,400,350,327,303,366,383,294,378,203,282,271,583,283,353,390,187,415,368,491,228,517,364
4,0,436,350,264,287,447,316,482,314,544,306,525,505,402,478,450,537,420,335,485,318,567,277
4,1,400,450,459,668,373,586,356,561,693,360,408,454,609,445,467,392,438,494,442,638,449,591
4,1,400,450,295,387,338,590,346,489,76,464,337,472,397,388,414,543,308,477,396,351,480,588
4,1,400,450,392,566,410,426,389,490,569,463,427,379,386,302,407,449,384,483,504,387,552,434
4,1,400,450,449,314,353,531,525,620,411,225,379,448,406,569,343,472,383,340,528,487,467,364
5,1,359,450,520,662,319,424,366,493,418,386,277,464,239,482,367,368,309,347,330,479,212,334
5,1,419,450,460,573,391,570,377,376,425,494,473,403,491,449,503,473,380,449,289,452,317,522
4,1,400,450,413,573,303,463,662,460,573,355,458,361,471,510,364,380,298,450,621,465,338,215
5,1,355,450,497,461,305,314,249,634,467,487,466,440,415,589,267,563,327,555,340,352,390,423
4,0,393,350,509,443,433,268,485,289,592,304,438,419,524,431,245,327,282,480,416,456,522,348
5,1,433,450,630,441,542,328,437,420,225,225,355,449,343,379,346,508,484,558,464,595,416,412
4,1,400,450,471,375,408,513,181,147,493,431,393,369,466,351,381,386,606,462,479,472,398,422
4,0,423,350,469,396,268,483,344,335,428,271,315,313,491,482,387,430,414,313,661,318,373,318
4,0,446,350,538,131,705,413,531,330,574,359,633,428,299,382,466,375,444,481,310,317,399,354
4,0,360,350,277,305,443,339,402,468,439,472,424,365,481,299,337,130,383,363,383,332,378,458
4,0,428,350,501,356,290,388,455,337,486,199,534,385,361,392,533,495,397,383,411,317,524,426
4,1,400,450,340,245,310,404,455,512,281,488,277,605,288,464,367,465,223,368,438,504,409,257
5,0,400,350,420,404,585,548,394,369,230,511,421,297,511,415,217,408,598,438,484,319,427,288
4,1,400,450,430,416,387,433,545,511,431,365,384,465,623,408,369,473,357,466,381,534,267,408
5,0,400,350,428,412,247,320,386,320,374,482,402,356,465,463,515,362,352,236,439,374,391,427
4,0,418,350,381,376,440,257,477,449,389,365,339,409,402,310,425,290,254,197,521,577,383,179
5,1,418,450,402,363,489,479,416,364,396,399,461,202,470,200,272,395,508,560,349,526,360,485
4,0,422,350,652,410,486,361,388,360,417,200,381,328,376,403,228,557,469,357,323,382,530,194
4,1,400,450,343,522,426,552,388,591,439,626,556,341,376,277,529,534,478,562,396,362,448,445
4,1,400,450,262,337,465,480,531,263,471,405,420,369,347,436,416,476,394,447,452,474,478,361
5,0,400,350,394,461,486,390,533,390,409,454,258,195,359,427,290,227,581,274,382,291,345,374
4,0,368,350,434,313,542,462,270,300,299,286,378,439,245,524,214,298,515,521,561,284,309,258
5,0,400,350,439,414,510,254,330,221,295,527,392,222,431,329,539,365,198,295,484,378,492,324
5,1,437,450,142,308,329,322,466,382,457,498,530,338,554,560,610,461,392,404,424,403,501,498
5,1,374,450,139,338,426,518,409,283,563,612,458,389,573,338,293,473,555,310,514,393,400,458
5,0,400,350,242,366,514,309,379,473,406,410,377,373,455,247,406,271,420,329,617,515,476,400
5,0,400,350,387,194,343,388,595,433,241,349,456,288,305,335,498,355,345,425,525,568,267,322
4,1,400,450,423,517,329,470,360,389,394,718,174,526,503,337,568,285,497,419,342,476,364,394
5,0,400,350,316,334,468,204,392,341,374,279,544,259,523,310,407,201,416,446,319,442,331,529
5,1,409,450,384,355,418,470,364,353,350,403,438,364,366,526,245,404,454,305,202,521,341,476
5,0,400,350,424,407,387,293,509,254,462,371,290,244,348,271,441,370,453,410,409,476,431,417
5,1,396,450,423,610,510,505,291,476,462,353,507,403,525,442,430,369,436,532,481,336,311,307
4,1,400,450,500,501,351,560,330,625,478,415,482,690,441,577,571,360,448,309,334,630,445,545
5,1,442,450,379,370,435,485,435,419,616,408,397,333,369,555,353,497,532,401,415,629,452,586
5,0,400,350,556,417,329,295,351,353,260,280,402,476,276,474,528,326,412,389,435,339,485,461
4,0,365,350,302,360,288,449,371,263,183,378,303,264,332,420,203,335,252,328,460,325,460,438
4,1,400,450,513,367,360,441,337,400,369,435,325,483,384,310,600,354,429,284,412,378,332,506
5,0,400,350,501,575,460,414,361,137,343,495,301,398,555,273,332,280,343,446,436,236,459,237
4,0,409,350,540,352,322,333,344,401,393,403,359,188,511,490,435,334,428,340,272,460,380,511
5,1,375,450,385,590,419,706,318,471,356,569,308,477,332,339,492,303,415,452,237,445,609,310
5,0,400,350,319,363,249,360,445,270,385,383,391,394,441,340,359,330,323,339,249,528,426,285
5,0,400,350,399,468,446,411,451,257,524,410,215,257,234,188,394,371,620,351,444,481,487,375
5,0,400,350,548,392,460,306,213,189,528,294,267,375,395,398,486,331,355,455,609,267,484,391
5,0,400,350,430,324,279,461,200,378,320,459,548,506,383,439,307,253,600,304,391,257,306,426
4,1,400,450,423,473,307,544,441,708,393,504,417,587,458,420,497,483,384,330,324,512,408,497
5,1,417,450,542,486,553,385,446,576,511,483,432,467,377,406,573,383,401,486,351,380,303,370
4,1,400,450,337,525,350,418,388,372,397,431,508,332,438,481,487,494,430,295,385,499,555,290
4,1,400,450,340,476,535,390,518,506,439,557,375,590,377,380,429,555,382,411,413,508,491,502
5,0,400,350,405,342,330,418,547,468,391,331,518,366,328,225,212,300,407,290,364,186,407,352
4,1,400,450,525,492,540,535,579,620,147,354,454,416,354,498,547,381,437,373,332,496,374,499
5,1,442,450,360,462,439,493,405,520,508,479,503,307,538,474,142,552,421,601,655,457,323,588
5,1,377,450,312,442,536,394,265,405,336,440,335,322,409,435,525,449,433,426,422,575,308,473
5,0,400,350,371,250,615,544,394,454,366,255,424,291,475,315,386,488,200,368,298,297,390,511
4,0,421,350,315,416,291,359,277,309,493,357,402,449,525,297,363,405,237,262,567,347,427,217
5,1,391,450,415,442,298,505,430,502,439,444,387,414,374,530,428,595,328,550,302,135,451,608
4,0,419,350,230,331,346,299,393,397,353,389,237,460,611,375,347,299,387,499,297,332,431,430
5,1,439,450,293,446,320,404,351,286,417,284,406,469,452,395,339,342,469,349,538,435,341,395
4,0,414,350,259,324,421,307,405,346,299,342,510,412,388,163,354,322,283,394,654,299,495,353
5,1,410,450,551,423,476,449,388,577,436,257,289,477,572,413,489,439,444,588,379,654,458,398
4,1,400,450,263,285,430,539,485,574,408,528,448,502,542,487,404,432,400,342,593,423,379,509
4,1,400,450,423,386,435,373,535,582,431,533,332,259,381,340,398,386,467,595,267,467,370,491
5,1,385,450,309,662,322,518,510,701,308,489,529,579,298,585,577,438,424,347,500,501,479,339
4,1,400,450,348,407,462,292,475,374,239,400,244,483,567,486,367,507,483,333,413,468,589,371
4,1,400,450,256,449,419,436,538,624,415,473,623,684,573,415,293,489,303,534,387,355,531,628
4,1,400,450,249,454,297,484,440,408,497,410,449,458,617,446,422,389,289,382,309,590,285,501
4,1,400,450,177,575,438,512,509,402,383,448,474,562,563,381,375,414,507,378,505,548,290,538
5,0,400,350,449,323,396,299,226,379,489,411,319,291,321,183,352,375,478,302,460,434,455,309
4,1,400,450,416,403,127,396,282,347,330,387,392,364,456,290,519,697,439,417,277,248,563,512
5,1,361,450,469,501,311,295,501,468,534,577,549,607,363,263,232,403,386,429,323,384,258,425
5,1,430,450,433,390,211,418,342,463,431,628,433,430,409,583,353,496,358,515,513,407,440,446
5,0,400,350,554,164,365,349,384,399,388,362,341,175,476,341,286,336,322,352,366,290,240,490
4,0,448,350,590,577,613,187,423,360,305,304,390,340,447,301,517,274,449,241,498,295,398,332
4,0,391,350,474,254,281,429,410,452,251,355,463,322,417,251,462,227,371,288,520,397,288,312
5,1,403,450,516,348,334,572,505,374,303,415,485,572,418,402,202,413,373,638,434,445,425,550
5,0,400,350,578,321,499,240,233,228,271,453,379,261,342,368,523,361,370,365,315,404,396,253
5,1,388,450,411,486,493,434,405,217,373,520,488,401,503,531,289,345,432,539,363,481,327,390
5,1,367,450,182,616,384,213,288,139,496,423,369,259,354,552,282,388,391,364,231,422,331,423
4,1,400,450,432,433,448,430,328,492,356,414,402,387,573,487,442,498,328,448,429,476,283,362
5,0,400,350,438,333,360,302,258,394,357,412,540,243,293,289,464,276,378,260,496,349,422,417
5,1,378,450,413,751,518,351,367,352,411,461,487,544,388,489,403,300,452,476,464,561,440,431
4,1,400,450,404,267,329,356,405,327,415,365,598,681,366,426,388,451,483,464,462,500,480,624
4,0,357,350,487,360,336,419,369,227,467,378,314,432,348,447,278,295,409,293,450,407,326,431
4,0,400,350,420,417,428,168,401,344,483,320,460,405,224,348,354,442,298,204,428,263,517,381
4,0,351,350,246,264,310,445,320,405,418,483,468,211,577,407,285,274,342,473,284,534,427,266
5,0,400,350,234,453,609,164,443,375,371,257,279,276,567,271,379,250,345,292,289,409,486,370
5,0,400,350,473,173,509,331,193,329,209,365,392,320,285,423,262,227,547,295,376,257,219,379
4,1,400,450,573,367,474,362,356,369,402,599,417,432,189,388,518,487,195,511,252,461,503,409
4,1,400,450,394,659,397,456,267,415,447,449,423,464,213,415,483,360,546,468,561,501,416,495
5,0,400,350,412,161,345,268,314,329,477,294,503,450,386,144,432,279,313,427,464,285,435,289
5,1,441,450,564,581,429,311,482,442,427,290,519,439,455,188,440,360,370,565,565,601,496,453
5,0,400,350,247,507,439,507,446,211,310,157,318,569,203,300,517,338,507,536,445,175,310,416
5,1,351,450,219,462,398,384,366,498,336,306,456,407,369,455,447,409,384,339,283,505,329,369
4,0,367,350,534,216,307,551,261,421,455,225,434,273,429,366,400,312,410,338,377,420,168,389
5,0,400,350,469,360,455,410,367,196,356,368,435,293,292,480,379,339,455,185,334,352,407,589
4,1,400,450,257,523,312,450,392,512,302,450,398,355,399,302,488,345,355,576,357,507,376,535
4,0,398,350,377,360,429,330,593,356,301,535,490,504,684,239,358,350,317,330,376,204,525,381
5,0,400,350,284,478,302,244,277,369,314,208,593,276,365,494,485,397,493,331,426,295,356,417
4,0,403,350,443,497,393,333,408,96,312,341,399,434,409,219,352,255,266,193,259,323,190,470
4,1,400,450,396,359,456,388,360,535,431,280,329,408,423,360,529,357,433,363,454,308,209,380
4,1,400,450,428,309,343,396,236,522,429,274,294,432,456,436,341,422,382,461,344,413,424,535
4,0,400,350,112,363,565,175,601,561,346,401,494,197,234,313,270,550,357,455,533,293,485,235
4,0,357,350,256,296,246,311,253,319,433,313,462,245,314,312,315,478,321,241,418,446,389,267
5,0,400,350,394,86,415,458,241,380,381,382,424,392,492,312,437,374,309,471,150,434,484,339
4,0,408,350,279,543,519,363,371,346,466,507,408,393,518,462,314,479,416,363,567,368,366,505
4,0,359,350,235,328,365,342,579,334,329,332,391,214,493,280,412,389,318,475,352,411,411,410
4,1,400,450,413,441,433,442,447,403,533,332,529,581,351,505,373,390,312,476,380,742,237,413
4,0,389,350,361,202,439,538,252,337,432,396,394,403,348,176,397,290,378,314,304,406,522,351
5,1,440,450,569,571,458,357,435,677,560,668,644,371,589,460,470,559,491,468,403,388,529,538
5,1,403,450,365,430,304,429,460,411,553,465,385,332,454,419,391,411,369,391,200,468,387,510
4,0,449,350,366,341,399,322,391,422,243,305,432,201,394,277,256,586,409,356,257,494,360,414
5,1,367,450,332,434,487,638,346,196,313,471,270,388,293,224,236,459,403,497,414,504,531,394
4,1,400,450,341,597,492,504,587,368,307,281,558,377,596,319,299,493,457,552,434,472,488,529
4,1,400,450,370,398,490,506,419,332,368,424,470,460,338,425,431,317,267,449,226,237,379,485
4,1,400,450,525,316,387,460,160,360,377,601,415,300,317,469,411,411,359,489,403,470,458,415
4,1,400,450,416,410,400,399,417,444,451,501,471,454,411,590,249,477,468,580,367,376,453,304
4,0,399,350,372,382,539,201,411,385,400,489,285,505,337,229,430,393,340,225,374,384,606,368
4,0,399,350,197,355,501,276,451,341,257,360,339,424,298,437,345,455,326,511,239,385,555,373
4,0,365,350,379,387,402,262,568,465,337,456,146,412,303,301,498,445,447,309,408,441,476,341
4,1,400,450,430,271,425,440,525,528,470,431,391,585,453,314,253,415,432,511,256,475,568,489
5,1,356,450,280,453,221,423,453,438,439,460,382,368,262,487,223,386,307,466,269,581,301,395
5,1,367,450,392,532,367,293,357,377,267,417,349,477,310,533,309,457,340,536,391,421,440,394
5,0,400,350,266,196,460,335,452,367,443,397,457,438,559,510,406,397,436,447,456,329,401,360
4,0,394,350,292,322,464,314,489,357,312,309,515,539,408,363,372,406,359,296,468,403,444,371
4,0,361,350,492,273,438,328,407,463,341,203,503,322,521,300,461,328,375,375,398,296,334,282
5,1,409,450,323,426,345,324,215,514,514,374,304,385,353,376,360,497,386,371,486,235,422,595
5,1,390,450,527,565,445,435,221,523,439,452,448,583,166,422,479,450,326,345,375,369,338,381
4,1,400,450,406,491,418,520,424,445,227,531,407,338,223,415,503,372,326,405,502,437,417,284
4,1,400,450,342,519,616,381,448,441,432,390,421,350,463,435,345,233,273,423,305,559,408,405
4,0,436,350,598,231,476,333,415,329,518,321,381,406,333,198,325,424,434,336,383,388,386,428
4,0,403,350,430,262,395,226,570,425,379,338,440,265,449,415,423,383,329,342,294,312,388,468
5,1,443,450,329,421,590,493,372,267,434,287,483,371,361,562,575,483,454,338,456,527,476,392
5,1,353,450,412,551,149,342,371,484,379,566,389,471,236,512,308,438,316,461,403,405,517,437
4,1,400,450,403,228,366,431,453,322,397,479,244,526,374,596,332,539,494,438,428,502,432,381
5,1,430,450,227,390,445,453,575,328,391,270,206,570,529,195,495,469,574,380,413,530,295,289
5,1,428,450,420,332,462,515,587,406,497,494,282,530,331,331,470,447,466,388,464,306,370,634
4,1,400,450,623,483,381,527,358,493,393,420,314,564,409,428,466,495,383,521,250,435,427,390
4,1,400,450,457,308,469,370,360,417,409,377,394,424,533,490,600,387,347,519,327,535,406,505
4,0,436,350,460,455,465,304,363,211,402,404,561,394,376,458,342,319,537,246,160,452,422,308
4,0,350,350,341,412,403,56,462,358,166,219,447,458,347,414,376,376,204,371,328,564,389,444
4,1,400,450,456,585,395,340,468,374,410,512,276,288,453,386,445,388,423,342,543,445,199,447
4,1,400,450,437,507,394,270,175,294,220,411,384,466,368,362,430,376,386,429,338,484,510,387
4,1,400,450,552,435,415,372,504,336,446,398,383,625,316,547,238,277,440,598,303,274,586,359
5,1,433,450,544,405,319,297,334,267,394,501,488,461,415,423,457,483,495,511,441,495,438,310
4,0,379,350,366,446,321,327,450,221,275,565,422,320,335,349,453,400,481,280,496,421,443,317
5,0,400,350,509,490,437,273,456,417,350,387,300,347,337,274,432,216,373,270,337,262,199,312
5,0,400,350,393,319,441,357,498,348,400,186,305,207,391,297,376,288,428,309,323,242,402,428
5,1,440,450,555,478,561,375,464,476,502,435,606,402,502,315,411,476,430,495,535,412,489,530
4,1,400,450,497,389,414,447,305,522,472,382,450,399,472,435,422,639,462,529,539,430,400,531
5,1,426,450,298,611,425,615,302,545,453,478,414,520,318,491,495,600,208,370,354,311,555,345
4,0,407,350,441,215,278,341,338,313,507,334,265,173,260,274,410,385,327,409,435,335,465,388
5,0,400,350,322,408,362,355,485,423,335,307,415,303,500,461,363,381,333,430,638,387,119,290
4,1,400,450,459,454,300,583,434,401,358,370,344,362,449,425,334,401,324,401,217,466,440,313
5,1,399,450,511,517,261,407,460,591,516,395,473,353,453,495,278,370,353,298,346,476,630,509
5,0,400,350,310,305,437,327,423,414,506,441,387,330,477,341,393,356,431,271,512,320,419,185
5,1,359,450,446,351,351,300,313,346,310,361,259,468,493,518,368,425,221,522,207,379,477,450
4,1,400,450,264,447,501,358,476,532,209,440,557,462,307,489,314,626,429,444,388,412,464,526
5,1,371,450,416,347,419,429,436,651,307,661,380,361,360,391,362,520,276,429,453,505,481,384
4,1,400,450,479,456,457,576,211,496,486,438,346,366,449,303,445,471,577,303,349,530,462,396
5,1,405,450,191,439,449,549,626,472,564,297,311,361,328,419,360,500,413,371,475,414,367,450
4,0,426,350,497,489,248,274,516,219,560,389,501,447,482,363,393,261,467,394,560,435,403,190
5,0,400,350,346,374,215,310,281,505,470,329,397,460,388,427,385,443,322,366,385,251,423,357
4,1,400,450,529,482,376,495,420,457,446,550,356,361,433,403,611,495,233,513,483,456,282,436
5,0,400,350,352,248,399,259,488,297,276,372,250,289,449,349,441,416,451,297,375,401,381,403
4,0,379,350,224,236,404,305,410,217,249,400,367,326,457,317,534,271,372,316,401,396,509,268
5,0,400,350,284,288,710,348,344,447,394,223,362,363,419,430,415,360,396,189,371,192,382,343
5,1,400,450,380,515,420,602,476,491,383,361,421,360,343,648,403,354,308,339,366,582,425,406
4,0,374,350,380,428,266,233,284,244,440,274,479,337,340,327,541,335,437,415,289,321,264,316
5,1,352,450,481,545,225,518,439,467,258,520,227,463,170,325,348,561,370,419,78,381,209,350
4,0,416,350,354,346,321,372,395,477,492,314,317,355,396,340,372,515,417,353,536,314,436,223
4,1,400,450,558,327,307,494,494,490,205,357,399,626,459,333,402,352,346,386,295,423,447,507
5,1,425,450,320,524,433,337,473,465,496,481,388,346,393,582,390,312,563,350,392,476,193,480
5,1,424,450,193,396,336,416,420,371,645,489,322,418,368,589,370,572,356,523,589,310,336,434
5,0,400,350,585,368,537,424,405,446,469,393,400,352,368,413,310,312,363,433,401,401,333,454
4,1,400,450,166,410,407,483,450,378,452,267,494,508,299,574,493,467,595,408,326,512,358,339
4,0,415,350,551,359,434,377,380,296,438,360,399,322,523,339,521,367,307,248,356,299,392,456
4,1,400,450,438,398,324,337,472,434,297,423,410,545,568,338,233,658,215,502,344,526,515,340
5,0,400,350,445,243,572,340,489,304,401,251,603,374,471,318,306,315,379,197,411,471,330,413
4,1,400,450,346,438,326,393,321,270,384,451,477,465,558,471,261,557,406,407,309,618,451,434
5,1,392,450,121,559,264,544,363,335,446,420,475,421,460,435,318,606,180,322,401,463,297,578
5,0,400,350,267,416,527,321,487,492,265,491,317,362,349,349,509,536,427,322,583,589,259,416
4,0,419,350,259,263,483,421,431,235,267,370,473,480,413,337,528,320,480,413,433,394,519,430
5,0,400,350,414,404,525,389,404,352,384,322,219,369,233,474,465,266,439,397,437,413,349,470
5,1,366,450,386,442,167,321,494,374,274,405,187,411,301,422,444,423,526,452,243,375,221,428
5,0,400,350,485,335,474,360,503,445,465,268,303,136,300,414,379,273,400,368,346,378,462,322
4,0,408,350,455,228,385,373,366,213,350,462,321,300,406,141,279,435,257,217,515,405,494,280
4,1,400,450,512,413,329,264,384,460,364,373,309,533,310,521,445,430,332,434,487,420,372,518
4,1,400,450,462,218,521,439,228,348,549,394,238,303,557,367,432,442,290,400,84,493,322,492
5,0,400,350,419,394,224,424,401,327,479,328,163,392,275,397,315,281,485,373,451,390,419,342
4,1,400,450,478,556,516,469,279,452,405,576,370,616,485,413,485,422,472,355,434,415,388,469
4,1,400,450,381,504,576,412,474,414,362,360,420,465,309,333,632,372,467,449,380,298,478,383
4,0,394,350,320,543,435,419,255,299,342,380,326,417,440,416,445,419,533,312,493,525,181,454
4,1,400,450,329,456,402,415,284,331,416,557,396,407,257,413,523,409,332,584,363,310,298,313
4,0,422,350,282,318,415,474,400,285,365,248,246,359,444,295,390,485,373,430,392,555,458,247
5,0,400,350,229,171,365,243,535,373,506,379,365,263,308,293,477,416,571,378,536,273,398,224
4,0,420,350,382,236,462,315,451,380,403,449,412,380,382,542,335,255,354,430,370,313,328,503
5,0,400,350,313,404,302,364,396,466,423,293,505,355,394,417,511,356,379,328,511,431,508,228
4,1,400,450,457,521,358,517,409,292,408,385,326,388,338,596,482,424,321,488,427,537,246,461
5,1,397,450,376,444,402,310,310,422,511,367,290,600,410,428,350,604,442,391,419,328,443,519
4,0,418,350,469,342,529,109,296,362,325,514,534,265,393,332,355,212,441,507,455,274,364,455
5,0,400,350,356,324,372,255,351,580,376,457,350,410,272,426,336,431,268,358,117,422,441,376
5,0,400,350,556,263,330,356,430,154,464,546,356,493,288,373,443,328,216,331,440,492,416,367
4,1,400,450,609,463,352,466,464,578,541,235,380,360,601,478,431,485,424,367,383,330,396,401
5,1,449,450,543,398,477,449,548,515,445,409,301,526,404,354,708,555,441,442,328,373,574,542
5,1,398,450,629,426,393,562,362,374,301,443,287,318,257,517,396,326,443,648,399,474,463,578
5,1,356,450,298,443,514,409,359,362,463,575,295,521,324,334,318,618,297,235,496,279,281,573
4,0,446,350,349,337,514,453,547,423,285,377,521,518,435,354,432,363,332,501,529,333,408,233
5,1,426,450,524,480,351,530,138,433,284,641,381,608,236,560,311,330,323,435,499,432,312,401
5,1,412,450,315,567,357,370,301,410,463,453,452,571,448,447,475,452,330,443,267,442,320,639
4,1,400,450,426,232,375,400,318,286,381,281,457,393,364,586,369,321,486,484,424,221,380,429
5,1,447,450,401,457,678,403,439,347,255,581,420,533,621,406,501,395,558,541,517,430,597,480
5,1,404,450,537,403,325,383,346,532,286,393,295,483,442,364,359,535,312,636,538,419,488,379
5,0,400,350,409,327,418,407,194,272,478,401,408,224,333,129,495,416,306,269,360,460,414,288
5,0,400,350,334,391,350,380,642,290,298,367,464,366,344,365,317,343,328,419,480,460,371,354
5,1,358,450,492,379,484,521,313,614,480,516,324,509,436,339,490,460,263,594,464,727,216,584
4,1,400,450,463,113,318,539,461,355,465,331,290,437,460,273,479,561,432,460,496,353,256,564
4,0,415,350,262,456,416,509,533,215,586,171,420,370,439,453,390,317,371,262,502,369,210,338
5,1,433,450,430,441,547,288,395,432,539,540,532,446,296,466,596,334,458,553,420,313,344,366
5,0,400,350,381,315,484,303,490,262,434,477,409,288,343,333,137,449,296,399,469,305,487,267
5,0,400,350,361,302,302,323,443,353,186,193,234,421,342,378,444,448,451,206,383,331,423,313
5,1,372,450,477,453,545,446,290,534,284,492,506,476,333,518,360,447,391,521,468,558,170,343
4,1,400,450,407,424,239,508,360,483,563,490,411,481,385,590,346,500,284,445,438,468,222,280
4,1,400,450,447,428,431,435,287,384,432,333,236,498,411,411,420,514,338,405,268,416,395,583
4,1,400,450,323,342,424,465,467,385,394,511,456,172,368,425,510,353,313,401,327,567,479,496
4,0,447,350,207,132,514,224,544,359,434,348,508,566,343,318,345,374,492,381,484,398,522,308
4,0,389,350,210,458,411,216,373,517,462,93,531,379,615,374,386,410,378,346,268,281,190,489
5,1,414,450,571,141,299,537,378,310,292,461,527,601,360,304,488,376,442,302,458,488,375,566
5,1,369,450,379,546,450,426,350,497,307,468,356,387,461,533,532,464,449,510,395,223,443,427
4,1,400,450,287,532,460,536,366,400,322,432,207,431,361,236,358,335,568,691,640,356,349,553
4,0,371,350,424,289,524,263,589,266,457,388,353,251,373,160,228,265,449,374,440,389,390,349
5,0,400,350,541,321,577,538,451,453,510,344,279,272,308,337,332,498,550,369,407,391,414,348
4,1,400,450,261,308,364,348,347,316,447,397,418,270,351,555,349,554,249,401,368,377,433,420
5,1,361,450,231,528,244,326,316,620,447,336,124,545,419,488,367,479,216,372,332,396,311,307
4,1,400,450,453,499,370,497,354,550,259,353,533,457,450,473,390,468,295,257,298,487,371,545
5,1,350,450,302,375,344,340,164,211,104,473,474,253,439,331,334,407,300,330,128,442,242,353
5,0,400,350,368,299,411,397,518,255,448,335,452,560,405,183,361,285,568,311,486,304,369,412
5,1,444,450,487,430,524,714,419,466,258,417,373,366,548,319,504,420,330,271,444,359,359,482
4,1,400,450,454,569,246,326,539,548,359,472,188,285,249,532,280,302,419,531,464,401,430,386
5,0,400,350,436,357,408,479,419,199,394,425,428,460,275,344,385,226,489,496,354,469,455,312
4,0,431,350,549,410,403,156,322,300,392,365,539,293,467,174,456,445,278,268,236,237,301,623
5,0,400,350,312,406,361,394,193,384,263,398,502,346,487,232,190,547,281,596,396,260,548,440
5,0,400,350,374,616,410,444,389,342,322,409,377,370,449,244,393,352,486,393,390,398,314,210
4,0,403,350,508,412,600,241,350,530,299,437,459,356,488,489,491,322,287,300,296,283,315,492
4,0,409,350,449,401,349,327,547,381,409,304,361,337,441,235,429,410,173,308,433,273,453,396
5,1,418,450,462,254,376,418,471,436,577,412,440,425,481,535,451,426,417,365,223,494,255,477
4,0,411,350,584,382,498,236,563,353,445,358,272,353,396,390,292,381,571,168,434,230,211,365
